1234	0.12991299129912992
0123	0.042964296429642966
1102	0.029342934293429344
1230	0.012361236123612361
1111	0.012121212121212121
6789	0.01176117611761176
0147	0.010141014101410141
9999	0.010081008100810081
1412	0.00888088808880888
0000	0.006480648064806481
1122	0.00564056405640564
1212	0.0055205520552055205
1010	0.004500450045004501
0909	0.004260426042604261
8888	0.0042004200420042
1221	0.004140414041404141
2412	0.0039603960396039604
0987	0.0031203120312031205
1402	0.0031203120312031205
2212	0.00294029402940294
1410	0.00288028802880288
1411	0.00288028802880288
1001	0.00282028202820282
1510	0.00282028202820282
2511	0.0027602760276027602
1210	0.0027002700270027003
2310	0.0027002700270027003
2468	0.0027002700270027003
2510	0.0027002700270027003
2512	0.0027002700270027003
1211	0.0026402640264026403
2222	0.0026402640264026403
0122	0.0025802580258025803
7777	0.0025202520252025204
2410	0.0024602460246024604
0101	0.0024002400240024004
1000	0.0024002400240024004
1231	0.00234023402340234
1310	0.00234023402340234
1511	0.00228022802280228
2411	0.00228022802280228
2610	0.00228022802280228
1209	0.00222022202220222
1710	0.00222022202220222
1312	0.00216021602160216
2710	0.00216021602160216
1012	0.0021002100210021
1202	0.0021002100210021
1235	0.0021002100210021
1512	0.0021002100210021
1811	0.0021002100210021
0908	0.00204020402040204
1105	0.00204020402040204
1810	0.00204020402040204
2612	0.00204020402040204
4444	0.00204020402040204
1508	0.0019801980198019802
3010	0.0019801980198019802
1011	0.0019201920192019203
1123	0.0019201920192019203
2112	0.0019201920192019203
2211	0.0019201920192019203
2611	0.0019201920192019203
4567	0.0018601860186018603
0912	0.0018001800180018
1314	0.0018001800180018
1325	0.0018001800180018
2110	0.0018001800180018
2712	0.0018001800180018
4321	0.0018001800180018
6868	0.0018001800180018
1610	0.0017401740174017401
1612	0.0017401740174017401
2210	0.0017401740174017401
2311	0.0017401740174017401
2312	0.0017401740174017401
2525	0.0017401740174017401
2810	0.0017401740174017401
2811	0.0017401740174017401
2910	0.0017401740174017401
0102	0.0016801680168016802
0209	0.0016801680168016802
1208	0.0016801680168016802
6666	0.0016801680168016802
0125	0.0016201620162016202
1233	0.0016201620162016202
2509	0.0016201620162016202
5678	0.0016201620162016202
1611	0.0015601560156015602
2812	0.0015601560156015602
2911	0.0015601560156015602
2912	0.0015601560156015602
1201	0.0015001500150015
1311	0.0015001500150015
2209	0.0015001500150015
0011	0.00144014401440144
0166	0.00144014401440144
1008	0.00144014401440144
1080	0.00144014401440144
2309	0.00144014401440144
3011	0.00144014401440144
3456	0.00144014401440144
0210	0.0013801380138013801
0312	0.0013801380138013801
0510	0.0013801380138013801
1101	0.0013801380138013801
1110	0.0013801380138013801
1232	0.0013801380138013801
1505	0.0013801380138013801
1506	0.0013801380138013801
3110	0.0013801380138013801
3333	0.0013801380138013801
0110	0.0013201320132013201
0211	0.0013201320132013201
0810	0.0013201320132013201
0903	0.0013201320132013201
1009	0.0013201320132013201
1503	0.0013201320132013201
1711	0.0013201320132013201
1712	0.0013201320132013201
0310	0.0012601260126012602
0511	0.0012601260126012602
1109	0.0012601260126012602
1357	0.0012601260126012602
1502	0.0012601260126012602
2308	0.0012601260126012602
2501	0.0012601260126012602
2505	0.0012601260126012602
3012	0.0012601260126012602
7890	0.0012601260126012602
0001	0.0012001200120012002
0168	0.0012001200120012002
0202	0.0012001200120012002
1002	0.0012001200120012002
2111	0.0012001200120012002
2202	0.0012001200120012002
2409	0.0012001200120012002
2603	0.0012001200120012002
2711	0.0012001200120012002
2909	0.0012001200120012002
0203	0.00114011401140114
0309	0.00114011401140114
0910	0.00114011401140114
1005	0.00114011401140114
1020	0.00114011401140114
1088	0.00114011401140114
1112	0.00114011401140114
2103	0.00114011401140114
2204	0.00114011401140114
7979	0.00114011401140114
0712	0.00108010801080108
1205	0.00108010801080108
1236	0.00108010801080108
1302	0.00108010801080108
1403	0.00108010801080108
1409	0.00108010801080108
1602	0.00108010801080108
1605	0.00108010801080108
1809	0.00108010801080108
1812	0.00108010801080108
2305	0.00108010801080108
2808	0.00108010801080108
3112	0.00108010801080108
5555	0.00108010801080108
0169	0.00102010201020102
0212	0.00102010201020102
0302	0.00102010201020102
0610	0.00102010201020102
0709	0.00102010201020102
1103	0.00102010201020102
1204	0.00102010201020102
1245	0.00102010201020102
1269	0.00102010201020102
1308	0.00102010201020102
1408	0.00102010201020102
1805	0.00102010201020102
2108	0.00102010201020102
2109	0.00102010201020102
2301	0.00102010201020102
2504	0.00102010201020102
3000	0.00102010201020102
3004	0.00102010201020102
0809	0.0009600960096009601
0902	0.0009600960096009601
0905	0.0009600960096009601
1004	0.0009600960096009601
1007	0.0009600960096009601
1107	0.0009600960096009601
1108	0.0009600960096009601
1206	0.0009600960096009601
1207	0.0009600960096009601
1301	0.0009600960096009601
1368	0.0009600960096009601
1803	0.0009600960096009601
2101	0.0009600960096009601
2201	0.0009600960096009601
2203	0.0009600960096009601
2345	0.0009600960096009601
2403	0.0009600960096009601
2508	0.0009600960096009601
2601	0.0009600960096009601
7641	0.0009600960096009601
0106	0.0009000900090009
0201	0.0009000900090009
0258	0.0009000900090009
0303	0.0009000900090009
0404	0.0009000900090009
0412	0.0009000900090009
0607	0.0009000900090009
0612	0.0009000900090009
0901	0.0009000900090009
1003	0.0009000900090009
1106	0.0009000900090009
1213	0.0009000900090009
1303	0.0009000900090009
1456	0.0009000900090009
1507	0.0009000900090009
1802	0.0009000900090009
1808	0.0009000900090009
2205	0.0009000900090009
2303	0.0009000900090009
2404	0.0009000900090009
2507	0.0009000900090009
3005	0.0009000900090009
3979	0.0009000900090009
8989	0.0009000900090009
0112	0.0008400840084008401
0121	0.0008400840084008401
0407	0.0008400840084008401
0502	0.0008400840084008401
1258	0.0008400840084008401
1306	0.0008400840084008401
1309	0.0008400840084008401
1504	0.0008400840084008401
1608	0.0008400840084008401
1707	0.0008400840084008401
1708	0.0008400840084008401
1789	0.0008400840084008401
2107	0.0008400840084008401
2302	0.0008400840084008401
2408	0.0008400840084008401
2701	0.0008400840084008401
2903	0.0008400840084008401
2908	0.0008400840084008401
3003	0.0008400840084008401
0099	0.0007800780078007801
0208	0.0007800780078007801
0304	0.0007800780078007801
0406	0.0007800780078007801
0512	0.0007800780078007801
0606	0.0007800780078007801
0611	0.0007800780078007801
1006	0.0007800780078007801
1100	0.0007800780078007801
1120	0.0007800780078007801
1223	0.0007800780078007801
1256	0.0007800780078007801
1305	0.0007800780078007801
1509	0.0007800780078007801
1603	0.0007800780078007801
1704	0.0007800780078007801
1705	0.0007800780078007801
2208	0.0007800780078007801
2307	0.0007800780078007801
2405	0.0007800780078007801
2503	0.0007800780078007801
2602	0.0007800780078007801
2606	0.0007800780078007801
2608	0.0007800780078007801
2708	0.0007800780078007801
2803	0.0007800780078007801
3008	0.0007800780078007801
4869	0.0007800780078007801
6688	0.0007800780078007801
7410	0.0007800780078007801
0103	0.00072007200720072
0109	0.00072007200720072
0167	0.00072007200720072
0301	0.00072007200720072
0405	0.00072007200720072
0411	0.00072007200720072
0506	0.00072007200720072
0711	0.00072007200720072
0808	0.00072007200720072
0811	0.00072007200720072
0911	0.00072007200720072
1190	0.00072007200720072
1199	0.00072007200720072
1290	0.00072007200720072
1324	0.00072007200720072
1406	0.00072007200720072
1407	0.00072007200720072
1606	0.00072007200720072
1702	0.00072007200720072
2304	0.00072007200720072
2401	0.00072007200720072
2609	0.00072007200720072
2801	0.00072007200720072
2809	0.00072007200720072
2901	0.00072007200720072
2904	0.00072007200720072
2906	0.00072007200720072
8910	0.00072007200720072
9876	0.00072007200720072
0120	0.0006600660066006601
0188	0.0006600660066006601
0205	0.0006600660066006601
0508	0.0006600660066006601
0509	0.0006600660066006601
0801	0.0006600660066006601
0812	0.0006600660066006601
0904	0.0006600660066006601
0906	0.0006600660066006601
1214	0.0006600660066006601
1313	0.0006600660066006601
1404	0.0006600660066006601
1609	0.0006600660066006601
1709	0.0006600660066006601
2106	0.0006600660066006601
2407	0.0006600660066006601
2607	0.0006600660066006601
2707	0.0006600660066006601
2802	0.0006600660066006601
3006	0.0006600660066006601
3009	0.0006600660066006601
7788	0.0006600660066006601
0105	0.0006000600060006001
0108	0.0006000600060006001
0165	0.0006000600060006001
0206	0.0006000600060006001
0306	0.0006000600060006001
0409	0.0006000600060006001
0507	0.0006000600060006001
0707	0.0006000600060006001
1121	0.0006000600060006001
1401	0.0006000600060006001
1501	0.0006000600060006001
1804	0.0006000600060006001
2102	0.0006000600060006001
2104	0.0006000600060006001
2123	0.0006000600060006001
2306	0.0006000600060006001
2323	0.0006000600060006001
2402	0.0006000600060006001
2406	0.0006000600060006001
2502	0.0006000600060006001
2506	0.0006000600060006001
2702	0.0006000600060006001
2709	0.0006000600060006001
2804	0.0006000600060006001
2805	0.0006000600060006001
2807	0.0006000600060006001
2905	0.0006000600060006001
2978	0.0006000600060006001
3001	0.0006000600060006001
3101	0.0006000600060006001
3108	0.0006000600060006001
5011	0.0006000600060006001
8899	0.0006000600060006001
8991	0.0006000600060006001
9900	0.0006000600060006001
0104	0.00054005400540054
0111	0.00054005400540054
0204	0.00054005400540054
0321	0.00054005400540054
0402	0.00054005400540054
0410	0.00054005400540054
0503	0.00054005400540054
0505	0.00054005400540054
0602	0.00054005400540054
0703	0.00054005400540054
0802	0.00054005400540054
0805	0.00054005400540054
1200	0.00054005400540054
1203	0.00054005400540054
1239	0.00054005400540054
1304	0.00054005400540054
1320	0.00054005400540054
1423	0.00054005400540054
1452	0.00054005400540054
1525	0.00054005400540054
1604	0.00054005400540054
1701	0.00054005400540054
1806	0.00054005400540054
1807	0.00054005400540054
2605	0.00054005400540054
2704	0.00054005400540054
2907	0.00054005400540054
3210	0.00054005400540054
3344	0.00054005400540054
7610	0.00054005400540054
7621	0.00054005400540054
8890	0.00054005400540054
9009	0.00054005400540054
9090	0.00054005400540054
0012	0.00048004800480048006
0107	0.00048004800480048006
0159	0.00048004800480048006
0207	0.00048004800480048006
0305	0.00048004800480048006
0408	0.00048004800480048006
0608	0.00048004800480048006
0702	0.00048004800480048006
0710	0.00048004800480048006
0907	0.00048004800480048006
0919	0.00048004800480048006
0988	0.00048004800480048006
1089	0.00048004800480048006
1132	0.00048004800480048006
1133	0.00048004800480048006
1192	0.00048004800480048006
1250	0.00048004800480048006
1289	0.00048004800480048006
1307	0.00048004800480048006
1326	0.00048004800480048006
1340	0.00048004800480048006
1598	0.00048004800480048006
1607	0.00048004800480048006
1703	0.00048004800480048006
2105	0.00048004800480048006
2589	0.00048004800480048006
8686	0.00048004800480048006
0308	0.00042004200420042004
0704	0.00042004200420042004
0705	0.00042004200420042004
1021	0.00042004200420042004
1023	0.00042004200420042004
1090	0.00042004200420042004
1104	0.00042004200420042004
1131	0.00042004200420042004
1134	0.00042004200420042004
1189	0.00042004200420042004
1191	0.00042004200420042004
1280	0.00042004200420042004
1321	0.00042004200420042004
1470	0.00042004200420042004
1478	0.00042004200420042004
1546	0.00042004200420042004
1801	0.00042004200420042004
1890	0.00042004200420042004
1892	0.00042004200420042004
2299	0.00042004200420042004
2806	0.00042004200420042004
3107	0.00042004200420042004
5000	0.00042004200420042004
6677	0.00042004200420042004
7878	0.00042004200420042004
8889	0.00042004200420042004
8990	0.00042004200420042004
9192	0.00042004200420042004
0010	0.00036003600360036
0124	0.00036003600360036
0307	0.00036003600360036
0311	0.00036003600360036
0401	0.00036003600360036
0501	0.00036003600360036
0504	0.00036003600360036
0604	0.00036003600360036
0650	0.00036003600360036
0701	0.00036003600360036
0706	0.00036003600360036
0803	0.00036003600360036
0804	0.00036003600360036
0806	0.00036003600360036
0807	0.00036003600360036
0975	0.00036003600360036
0989	0.00036003600360036
0990	0.00036003600360036
1125	0.00036003600360036
1596	0.00036003600360036
1706	0.00036003600360036
1819	0.00036003600360036
2121	0.00036003600360036
2206	0.00036003600360036
2207	0.00036003600360036
2233	0.00036003600360036
3007	0.00036003600360036
3105	0.00036003600360036
3123	0.00036003600360036
3388	0.00036003600360036
4545	0.00036003600360036
5566	0.00036003600360036
6886	0.00036003600360036
8283	0.00036003600360036
8788	0.00036003600360036
8789	0.00036003600360036
9292	0.00036003600360036
9898	0.00036003600360036
9981	0.00036003600360036
0002	0.00030003000300030005
0007	0.00030003000300030005
0090	0.00030003000300030005
0135	0.00030003000300030005
0241	0.00030003000300030005
0603	0.00030003000300030005
0605	0.00030003000300030005
0708	0.00030003000300030005
0913	0.00030003000300030005
0935	0.00030003000300030005
0948	0.00030003000300030005
0977	0.00030003000300030005
1024	0.00030003000300030005
1025	0.00030003000300030005
1029	0.00030003000300030005
1035	0.00030003000300030005
1086	0.00030003000300030005
1188	0.00030003000300030005
1198	0.00030003000300030005
1240	0.00030003000300030005
1243	0.00030003000300030005
1254	0.00030003000300030005
1284	0.00030003000300030005
1293	0.00030003000300030005
1369	0.00030003000300030005
1379	0.00030003000300030005
1415	0.00030003000300030005
1437	0.00030003000300030005
1590	0.00030003000300030005
1601	0.00030003000300030005
1616	0.00030003000300030005
1795	0.00030003000300030005
1899	0.00030003000300030005
2100	0.00030003000300030005
2214	0.00030003000300030005
2356	0.00030003000300030005
2424	0.00030003000300030005
2988	0.00030003000300030005
3120	0.00030003000300030005
3891	0.00030003000300030005
4399	0.00030003000300030005
5891	0.00030003000300030005
7121	0.00030003000300030005
7123	0.00030003000300030005
7604	0.00030003000300030005
7761	0.00030003000300030005
7764	0.00030003000300030005
7789	0.00030003000300030005
7889	0.00030003000300030005
8384	0.00030003000300030005
8520	0.00030003000300030005
8688	0.00030003000300030005
8787	0.00030003000300030005
8892	0.00030003000300030005
0077	0.00024002400240024003
0113	0.00024002400240024003
0129	0.00024002400240024003
0163	0.00024002400240024003
0164	0.00024002400240024003
0192	0.00024002400240024003
0288	0.00024002400240024003
0313	0.00024002400240024003
0369	0.00024002400240024003
0456	0.00024002400240024003
0601	0.00024002400240024003
0609	0.00024002400240024003
0613	0.00024002400240024003
0623	0.00024002400240024003
0917	0.00024002400240024003
0918	0.00024002400240024003
0972	0.00024002400240024003
0978	0.00024002400240024003
1015	0.00024002400240024003
1026	0.00024002400240024003
1047	0.00024002400240024003
1081	0.00024002400240024003
1091	0.00024002400240024003
1124	0.00024002400240024003
1150	0.00024002400240024003
1194	0.00024002400240024003
1197	0.00024002400240024003
1246	0.00024002400240024003
1260	0.00024002400240024003
1265	0.00024002400240024003
1279	0.00024002400240024003
1300	0.00024002400240024003
1390	0.00024002400240024003
1400	0.00024002400240024003
1405	0.00024002400240024003
1413	0.00024002400240024003
1414	0.00024002400240024003
1425	0.00024002400240024003
1489	0.00024002400240024003
1496	0.00024002400240024003
1564	0.00024002400240024003
1579	0.00024002400240024003
1588	0.00024002400240024003
1597	0.00024002400240024003
1629	0.00024002400240024003
1717	0.00024002400240024003
1790	0.00024002400240024003
1800	0.00024002400240024003
1891	0.00024002400240024003
2114	0.00024002400240024003
2134	0.00024002400240024003
2200	0.00024002400240024003
2213	0.00024002400240024003
2314	0.00024002400240024003
2491	0.00024002400240024003
2500	0.00024002400240024003
2513	0.00024002400240024003
2536	0.00024002400240024003
2580	0.00024002400240024003
2585	0.00024002400240024003
2627	0.00024002400240024003
2690	0.00024002400240024003
2703	0.00024002400240024003
2727	0.00024002400240024003
3214	0.00024002400240024003
3254	0.00024002400240024003
3289	0.00024002400240024003
3535	0.00024002400240024003
3636	0.00024002400240024003
4488	0.00024002400240024003
4891	0.00024002400240024003
5123	0.00024002400240024003
5405	0.00024002400240024003
5588	0.00024002400240024003
5656	0.00024002400240024003
5689	0.00024002400240024003
5894	0.00024002400240024003
5984	0.00024002400240024003
6689	0.00024002400240024003
7000	0.00024002400240024003
7211	0.00024002400240024003
7227	0.00024002400240024003
7611	0.00024002400240024003
7749	0.00024002400240024003
7983	0.00024002400240024003
8187	0.00024002400240024003
8284	0.00024002400240024003
8287	0.00024002400240024003
8292	0.00024002400240024003
8426	0.00024002400240024003
8484	0.00024002400240024003
8586	0.00024002400240024003
8589	0.00024002400240024003
8687	0.00024002400240024003
8800	0.00024002400240024003
8885	0.00024002400240024003
8886	0.00024002400240024003
8900	0.00024002400240024003
8992	0.00024002400240024003
9000	0.00024002400240024003
9387	0.00024002400240024003
9494	0.00024002400240024003
9966	0.00024002400240024003
9988	0.00024002400240024003
9989	0.00024002400240024003
0033	0.00018001800180018
0048	0.00018001800180018
0066	0.00018001800180018
0126	0.00018001800180018
0128	0.00018001800180018
0200	0.00018001800180018
0218	0.00018001800180018
0224	0.00018001800180018
0231	0.00018001800180018
0256	0.00018001800180018
0295	0.00018001800180018
0350	0.00018001800180018
0351	0.00018001800180018
0400	0.00018001800180018
0403	0.00018001800180018
0430	0.00018001800180018
0780	0.00018001800180018
0914	0.00018001800180018
0915	0.00018001800180018
0916	0.00018001800180018
0931	0.00018001800180018
0932	0.00018001800180018
0937	0.00018001800180018
0939	0.00018001800180018
0966	0.00018001800180018
0982	0.00018001800180018
0984	0.00018001800180018
0986	0.00018001800180018
0991	0.00018001800180018
1022	0.00018001800180018
1030	0.00018001800180018
1066	0.00018001800180018
1098	0.00018001800180018
1113	0.00018001800180018
1130	0.00018001800180018
1139	0.00018001800180018
1149	0.00018001800180018
1155	0.00018001800180018
1160	0.00018001800180018
1176	0.00018001800180018
1180	0.00018001800180018
1220	0.00018001800180018
1222	0.00018001800180018
1225	0.00018001800180018
1226	0.00018001800180018
1228	0.00018001800180018
1229	0.00018001800180018
1238	0.00018001800180018
1241	0.00018001800180018
1242	0.00018001800180018
1276	0.00018001800180018
1288	0.00018001800180018
1292	0.00018001800180018
1296	0.00018001800180018
1322	0.00018001800180018
1331	0.00018001800180018
1337	0.00018001800180018
1345	0.00018001800180018
1376	0.00018001800180018
1397	0.00018001800180018
1420	0.00018001800180018
1432	0.00018001800180018
1458	0.00018001800180018
1479	0.00018001800180018
1523	0.00018001800180018
1560	0.00018001800180018
1569	0.00018001800180018
1593	0.00018001800180018
1637	0.00018001800180018
1686	0.00018001800180018
1745	0.00018001800180018
1818	0.00018001800180018
1878	0.00018001800180018
1894	0.00018001800180018
2119	0.00018001800180018
2122	0.00018001800180018
2131	0.00018001800180018
2133	0.00018001800180018
2182	0.00018001800180018
2195	0.00018001800180018
2234	0.00018001800180018
2255	0.00018001800180018
2268	0.00018001800180018
2291	0.00018001800180018
2347	0.00018001800180018
2358	0.00018001800180018
2392	0.00018001800180018
2467	0.00018001800180018
2469	0.00018001800180018
2552	0.00018001800180018
2590	0.00018001800180018
2604	0.00018001800180018
2626	0.00018001800180018
2706	0.00018001800180018
2790	0.00018001800180018
2992	0.00018001800180018
3021	0.00018001800180018
3188	0.00018001800180018
3250	0.00018001800180018
3291	0.00018001800180018
3412	0.00018001800180018
3587	0.00018001800180018
3721	0.00018001800180018
3790	0.00018001800180018
3992	0.00018001800180018
4101	0.00018001800180018
4215	0.00018001800180018
4311	0.00018001800180018
4312	0.00018001800180018
4410	0.00018001800180018
4455	0.00018001800180018
4490	0.00018001800180018
4561	0.00018001800180018
4568	0.00018001800180018
4690	0.00018001800180018
4747	0.00018001800180018
4909	0.00018001800180018
5020	0.00018001800180018
5220	0.00018001800180018
5230	0.00018001800180018
5530	0.00018001800180018
5683	0.00018001800180018
6000	0.00018001800180018
6212	0.00018001800180018
6288	0.00018001800180018
6767	0.00018001800180018
6788	0.00018001800180018
6879	0.00018001800180018
6969	0.00018001800180018
7191	0.00018001800180018
7210	0.00018001800180018
7285	0.00018001800180018
7328	0.00018001800180018
7596	0.00018001800180018
7613	0.00018001800180018
7620	0.00018001800180018
7654	0.00018001800180018
7676	0.00018001800180018
7711	0.00018001800180018
7714	0.00018001800180018
7760	0.00018001800180018
7763	0.00018001800180018
7780	0.00018001800180018
7781	0.00018001800180018
7787	0.00018001800180018
7791	0.00018001800180018
7879	0.00018001800180018
7891	0.00018001800180018
7986	0.00018001800180018
7988	0.00018001800180018
7991	0.00018001800180018
7997	0.00018001800180018
8288	0.00018001800180018
8316	0.00018001800180018
8385	0.00018001800180018
8386	0.00018001800180018
8387	0.00018001800180018
8390	0.00018001800180018
8485	0.00018001800180018
8486	0.00018001800180018
8600	0.00018001800180018
8792	0.00018001800180018
8866	0.00018001800180018
8891	0.00018001800180018
8903	0.00018001800180018
8907	0.00018001800180018
8983	0.00018001800180018
8988	0.00018001800180018
9002	0.00018001800180018
9091	0.00018001800180018
9119	0.00018001800180018
9194	0.00018001800180018
9211	0.00018001800180018
9290	0.00018001800180018
9293	0.00018001800180018
9393	0.00018001800180018
9595	0.00018001800180018
9694	0.00018001800180018
9700	0.00018001800180018
9710	0.00018001800180018
9779	0.00018001800180018
9889	0.00018001800180018
9910	0.00018001800180018
9933	0.00018001800180018
9977	0.00018001800180018
9987	0.00018001800180018
0003	0.00012001200120012002
0005	0.00012001200120012002
0008	0.00012001200120012002
0009	0.00012001200120012002
0020	0.00012001200120012002
0021	0.00012001200120012002
0022	0.00012001200120012002
0032	0.00012001200120012002
0034	0.00012001200120012002
0043	0.00012001200120012002
0060	0.00012001200120012002
0070	0.00012001200120012002
0115	0.00012001200120012002
0158	0.00012001200120012002
0189	0.00012001200120012002
0193	0.00012001200120012002
0213	0.00012001200120012002
0219	0.00012001200120012002
0226	0.00012001200120012002
0234	0.00012001200120012002
0237	0.00012001200120012002
0281	0.00012001200120012002
0282	0.00012001200120012002
0300	0.00012001200120012002
0314	0.00012001200120012002
0320	0.00012001200120012002
0325	0.00012001200120012002
0327	0.00012001200120012002
0334	0.00012001200120012002
0374	0.00012001200120012002
0378	0.00012001200120012002
0379	0.00012001200120012002
0389	0.00012001200120012002
0425	0.00012001200120012002
0444	0.00012001200120012002
0489	0.00012001200120012002
0494	0.00012001200120012002
0531	0.00012001200120012002
0582	0.00012001200120012002
0589	0.00012001200120012002
0590	0.00012001200120012002
0614	0.00012001200120012002
0651	0.00012001200120012002
0717	0.00012001200120012002
0721	0.00012001200120012002
0782	0.00012001200120012002
0790	0.00012001200120012002
0816	0.00012001200120012002
0817	0.00012001200120012002
0820	0.00012001200120012002
0922	0.00012001200120012002
0926	0.00012001200120012002
0933	0.00012001200120012002
0934	0.00012001200120012002
0936	0.00012001200120012002
0938	0.00012001200120012002
0945	0.00012001200120012002
0949	0.00012001200120012002
0962	0.00012001200120012002
0969	0.00012001200120012002
0971	0.00012001200120012002
0973	0.00012001200120012002
0979	0.00012001200120012002
0981	0.00012001200120012002
0983	0.00012001200120012002
0985	0.00012001200120012002
0993	0.00012001200120012002
0995	0.00012001200120012002
0997	0.00012001200120012002
1016	0.00012001200120012002
1044	0.00012001200120012002
1046	0.00012001200120012002
1055	0.00012001200120012002
1059	0.00012001200120012002
1060	0.00012001200120012002
1076	0.00012001200120012002
1078	0.00012001200120012002
1079	0.00012001200120012002
1092	0.00012001200120012002
1093	0.00012001200120012002
1115	0.00012001200120012002
1119	0.00012001200120012002
1135	0.00012001200120012002
1145	0.00012001200120012002
1147	0.00012001200120012002
1170	0.00012001200120012002
1181	0.00012001200120012002
1183	0.00012001200120012002
1187	0.00012001200120012002
1195	0.00012001200120012002
1196	0.00012001200120012002
1217	0.00012001200120012002
1224	0.00012001200120012002
1249	0.00012001200120012002
1257	0.00012001200120012002
1259	0.00012001200120012002
1268	0.00012001200120012002
1272	0.00012001200120012002
1285	0.00012001200120012002
1298	0.00012001200120012002
1299	0.00012001200120012002
1319	0.00012001200120012002
1323	0.00012001200120012002
1327	0.00012001200120012002
1330	0.00012001200120012002
1333	0.00012001200120012002
1350	0.00012001200120012002
1352	0.00012001200120012002
1365	0.00012001200120012002
1378	0.00012001200120012002
1391	0.00012001200120012002
1392	0.00012001200120012002
1419	0.00012001200120012002
1428	0.00012001200120012002
1429	0.00012001200120012002
1430	0.00012001200120012002
1475	0.00012001200120012002
1476	0.00012001200120012002
1490	0.00012001200120012002
1492	0.00012001200120012002
1493	0.00012001200120012002
1494	0.00012001200120012002
1515	0.00012001200120012002
1518	0.00012001200120012002
1521	0.00012001200120012002
1526	0.00012001200120012002
1529	0.00012001200120012002
1530	0.00012001200120012002
1549	0.00012001200120012002
1556	0.00012001200120012002
1565	0.00012001200120012002
1567	0.00012001200120012002
1573	0.00012001200120012002
1577	0.00012001200120012002
1578	0.00012001200120012002
1589	0.00012001200120012002
1594	0.00012001200120012002
1599	0.00012001200120012002
1617	0.00012001200120012002
1648	0.00012001200120012002
1650	0.00012001200120012002
1680	0.00012001200120012002
1687	0.00012001200120012002
1689	0.00012001200120012002
1691	0.00012001200120012002
1724	0.00012001200120012002
1728	0.00012001200120012002
1747	0.00012001200120012002
1760	0.00012001200120012002
1814	0.00012001200120012002
1825	0.00012001200120012002
1833	0.00012001200120012002
1862	0.00012001200120012002
1886	0.00012001200120012002
1889	0.00012001200120012002
2113	0.00012001200120012002
2126	0.00012001200120012002
2186	0.00012001200120012002
2190	0.00012001200120012002
2191	0.00012001200120012002
2196	0.00012001200120012002
2217	0.00012001200120012002
2221	0.00012001200120012002
2231	0.00012001200120012002
2256	0.00012001200120012002
2277	0.00012001200120012002
2279	0.00012001200120012002
2288	0.00012001200120012002
2290	0.00012001200120012002
2293	0.00012001200120012002
2324	0.00012001200120012002
2332	0.00012001200120012002
2341	0.00012001200120012002
2357	0.00012001200120012002
2363	0.00012001200120012002
2381	0.00012001200120012002
2386	0.00012001200120012002
2387	0.00012001200120012002
2388	0.00012001200120012002
2389	0.00012001200120012002
2399	0.00012001200120012002
2413	0.00012001200120012002
2488	0.00012001200120012002
2489	0.00012001200120012002
2526	0.00012001200120012002
2527	0.00012001200120012002
2529	0.00012001200120012002
2534	0.00012001200120012002
2538	0.00012001200120012002
2563	0.00012001200120012002
2579	0.00012001200120012002
2581	0.00012001200120012002
2591	0.00012001200120012002
2628	0.00012001200120012002
2662	0.00012001200120012002
2675	0.00012001200120012002
2688	0.00012001200120012002
2689	0.00012001200120012002
2699	0.00012001200120012002
2700	0.00012001200120012002
2705	0.00012001200120012002
2715	0.00012001200120012002
2728	0.00012001200120012002
2730	0.00012001200120012002
2741	0.00012001200120012002
2902	0.00012001200120012002
2929	0.00012001200120012002
2959	0.00012001200120012002
2987	0.00012001200120012002
2991	0.00012001200120012002
3097	0.00012001200120012002
3102	0.00012001200120012002
3168	0.00012001200120012002
3174	0.00012001200120012002
3192	0.00012001200120012002
3211	0.00012001200120012002
3212	0.00012001200120012002
3216	0.00012001200120012002
3230	0.00012001200120012002
3232	0.00012001200120012002
3241	0.00012001200120012002
3259	0.00012001200120012002
3292	0.00012001200120012002
3296	0.00012001200120012002
3298	0.00012001200120012002
3301	0.00012001200120012002
3312	0.00012001200120012002
3366	0.00012001200120012002
3384	0.00012001200120012002
3387	0.00012001200120012002
3394	0.00012001200120012002
3400	0.00012001200120012002
3489	0.00012001200120012002
3520	0.00012001200120012002
3536	0.00012001200120012002
3589	0.00012001200120012002
3690	0.00012001200120012002
3734	0.00012001200120012002
3792	0.00012001200120012002
3892	0.00012001200120012002
3893	0.00012001200120012002
3949	0.00012001200120012002
3988	0.00012001200120012002
4000	0.00012001200120012002
4116	0.00012001200120012002
4123	0.00012001200120012002
4141	0.00012001200120012002
4286	0.00012001200120012002
4323	0.00012001200120012002
4392	0.00012001200120012002
4430	0.00012001200120012002
4437	0.00012001200120012002
4440	0.00012001200120012002
4466	0.00012001200120012002
4489	0.00012001200120012002
4500	0.00012001200120012002
4546	0.00012001200120012002
4560	0.00012001200120012002
4562	0.00012001200120012002
4569	0.00012001200120012002
4590	0.00012001200120012002
4591	0.00012001200120012002
4633	0.00012001200120012002
4656	0.00012001200120012002
4680	0.00012001200120012002
4695	0.00012001200120012002
4748	0.00012001200120012002
4770	0.00012001200120012002
4774	0.00012001200120012002
4788	0.00012001200120012002
4790	0.00012001200120012002
4799	0.00012001200120012002
4820	0.00012001200120012002
4826	0.00012001200120012002
4993	0.00012001200120012002
4994	0.00012001200120012002
5005	0.00012001200120012002
5010	0.00012001200120012002
5012	0.00012001200120012002
5124	0.00012001200120012002
5190	0.00012001200120012002
5192	0.00012001200120012002
5252	0.00012001200120012002
5275	0.00012001200120012002
5300	0.00012001200120012002
5321	0.00012001200120012002
5413	0.00012001200120012002
5441	0.00012001200120012002
5492	0.00012001200120012002
5500	0.00012001200120012002
5507	0.00012001200120012002
5512	0.00012001200120012002
5544	0.00012001200120012002
5545	0.00012001200120012002
5577	0.00012001200120012002
5589	0.00012001200120012002
5610	0.00012001200120012002
5623	0.00012001200120012002
5698	0.00012001200120012002
5791	0.00012001200120012002
5835	0.00012001200120012002
5886	0.00012001200120012002
5890	0.00012001200120012002
5898	0.00012001200120012002
5959	0.00012001200120012002
5993	0.00012001200120012002
5996	0.00012001200120012002
6030	0.00012001200120012002
6119	0.00012001200120012002
6131	0.00012001200120012002
6193	0.00012001200120012002
6230	0.00012001200120012002
6300	0.00012001200120012002
6415	0.00012001200120012002
6543	0.00012001200120012002
6545	0.00012001200120012002
6581	0.00012001200120012002
6584	0.00012001200120012002
6591	0.00012001200120012002
6600	0.00012001200120012002
6610	0.00012001200120012002
6670	0.00012001200120012002
6690	0.00012001200120012002
6692	0.00012001200120012002
6699	0.00012001200120012002
6720	0.00012001200120012002
6761	0.00012001200120012002
6783	0.00012001200120012002
6791	0.00012001200120012002
6800	0.00012001200120012002
6810	0.00012001200120012002
6869	0.00012001200120012002
6899	0.00012001200120012002
6986	0.00012001200120012002
6991	0.00012001200120012002
7001	0.00012001200120012002
7070	0.00012001200120012002
7111	0.00012001200120012002
7124	0.00012001200120012002
7219	0.00012001200120012002
7247	0.00012001200120012002
7297	0.00012001200120012002
7313	0.00012001200120012002
7387	0.00012001200120012002
7411	0.00012001200120012002
7497	0.00012001200120012002
7595	0.00012001200120012002
7601	0.00012001200120012002
7615	0.00012001200120012002
7631	0.00012001200120012002
7640	0.00012001200120012002
7642	0.00012001200120012002
7683	0.00012001200120012002
7689	0.00012001200120012002
7755	0.00012001200120012002
7784	0.00012001200120012002
7785	0.00012001200120012002
7798	0.00012001200120012002
7799	0.00012001200120012002
7831	0.00012001200120012002
7887	0.00012001200120012002
7896	0.00012001200120012002
7984	0.00012001200120012002
7987	0.00012001200120012002
7989	0.00012001200120012002
7990	0.00012001200120012002
8086	0.00012001200120012002
8090	0.00012001200120012002
8102	0.00012001200120012002
8118	0.00012001200120012002
8123	0.00012001200120012002
8185	0.00012001200120012002
8186	0.00012001200120012002
8189	0.00012001200120012002
8190	0.00012001200120012002
8291	0.00012001200120012002
8310	0.00012001200120012002
8328	0.00012001200120012002
8383	0.00012001200120012002
8388	0.00012001200120012002
8389	0.00012001200120012002
8419	0.00012001200120012002
8456	0.00012001200120012002
8462	0.00012001200120012002
8488	0.00012001200120012002
8489	0.00012001200120012002
8490	0.00012001200120012002
8523	0.00012001200120012002
8587	0.00012001200120012002
8591	0.00012001200120012002
8612	0.00012001200120012002
8624	0.00012001200120012002
8639	0.00012001200120012002
8642	0.00012001200120012002
8668	0.00012001200120012002
8689	0.00012001200120012002
8691	0.00012001200120012002
8710	0.00012001200120012002
8721	0.00012001200120012002
8765	0.00012001200120012002
8790	0.00012001200120012002
8793	0.00012001200120012002
8794	0.00012001200120012002
8797	0.00012001200120012002
8812	0.00012001200120012002
8852	0.00012001200120012002
8864	0.00012001200120012002
8878	0.00012001200120012002
8893	0.00012001200120012002
8896	0.00012001200120012002
8912	0.00012001200120012002
8926	0.00012001200120012002
8998	0.00012001200120012002
9001	0.00012001200120012002
9012	0.00012001200120012002
9057	0.00012001200120012002
9083	0.00012001200120012002
9084	0.00012001200120012002
9087	0.00012001200120012002
9124	0.00012001200120012002
9181	0.00012001200120012002
9189	0.00012001200120012002
9193	0.00012001200120012002
9275	0.00012001200120012002
9291	0.00012001200120012002
9388	0.00012001200120012002
9405	0.00012001200120012002
9495	0.00012001200120012002
9500	0.00012001200120012002
9512	0.00012001200120012002
9513	0.00012001200120012002
9596	0.00012001200120012002
9620	0.00012001200120012002
9621	0.00012001200120012002
9630	0.00012001200120012002
9686	0.00012001200120012002
9688	0.00012001200120012002
9709	0.00012001200120012002
9711	0.00012001200120012002
9783	0.00012001200120012002
9790	0.00012001200120012002
9812	0.00012001200120012002
9902	0.00012001200120012002
9986	0.00012001200120012002
9990	0.00012001200120012002
9991	0.00012001200120012002
0006	6.000600060006001e-05
0013	6.000600060006001e-05
0016	6.000600060006001e-05
0017	6.000600060006001e-05
0018	6.000600060006001e-05
0023	6.000600060006001e-05
0024	6.000600060006001e-05
0030	6.000600060006001e-05
0035	6.000600060006001e-05
0036	6.000600060006001e-05
0038	6.000600060006001e-05
0039	6.000600060006001e-05
0040	6.000600060006001e-05
0044	6.000600060006001e-05
0045	6.000600060006001e-05
0050	6.000600060006001e-05
0055	6.000600060006001e-05
0056	6.000600060006001e-05
0061	6.000600060006001e-05
0065	6.000600060006001e-05
0069	6.000600060006001e-05
0078	6.000600060006001e-05
0079	6.000600060006001e-05
0080	6.000600060006001e-05
0081	6.000600060006001e-05
0087	6.000600060006001e-05
0089	6.000600060006001e-05
0094	6.000600060006001e-05
0095	6.000600060006001e-05
0096	6.000600060006001e-05
0098	6.000600060006001e-05
0100	6.000600060006001e-05
0116	6.000600060006001e-05
0127	6.000600060006001e-05
0133	6.000600060006001e-05
0141	6.000600060006001e-05
0148	6.000600060006001e-05
0153	6.000600060006001e-05
0155	6.000600060006001e-05
0156	6.000600060006001e-05
0160	6.000600060006001e-05
0162	6.000600060006001e-05
0170	6.000600060006001e-05
0176	6.000600060006001e-05
0178	6.000600060006001e-05
0181	6.000600060006001e-05
0186	6.000600060006001e-05
0187	6.000600060006001e-05
0190	6.000600060006001e-05
0191	6.000600060006001e-05
0196	6.000600060006001e-05
0198	6.000600060006001e-05
0199	6.000600060006001e-05
0215	6.000600060006001e-05
0216	6.000600060006001e-05
0217	6.000600060006001e-05
0220	6.000600060006001e-05
0221	6.000600060006001e-05
0230	6.000600060006001e-05
0235	6.000600060006001e-05
0236	6.000600060006001e-05
0248	6.000600060006001e-05
0259	6.000600060006001e-05
0285	6.000600060006001e-05
0289	6.000600060006001e-05
0290	6.000600060006001e-05
0291	6.000600060006001e-05
0292	6.000600060006001e-05
0293	6.000600060006001e-05
0294	6.000600060006001e-05
0297	6.000600060006001e-05
0298	6.000600060006001e-05
0317	6.000600060006001e-05
0323	6.000600060006001e-05
0326	6.000600060006001e-05
0330	6.000600060006001e-05
0331	6.000600060006001e-05
0349	6.000600060006001e-05
0356	6.000600060006001e-05
0357	6.000600060006001e-05
0362	6.000600060006001e-05
0363	6.000600060006001e-05
0377	6.000600060006001e-05
0380	6.000600060006001e-05
0382	6.000600060006001e-05
0383	6.000600060006001e-05
0387	6.000600060006001e-05
0394	6.000600060006001e-05
0399	6.000600060006001e-05
0414	6.000600060006001e-05
0417	6.000600060006001e-05
0420	6.000600060006001e-05
0423	6.000600060006001e-05
0427	6.000600060006001e-05
0428	6.000600060006001e-05
0475	6.000600060006001e-05
0484	6.000600060006001e-05
0487	6.000600060006001e-05
0513	6.000600060006001e-05
0521	6.000600060006001e-05
0523	6.000600060006001e-05
0528	6.000600060006001e-05
0530	6.000600060006001e-05
0550	6.000600060006001e-05
0554	6.000600060006001e-05
0555	6.000600060006001e-05
0561	6.000600060006001e-05
0562	6.000600060006001e-05
0565	6.000600060006001e-05
0567	6.000600060006001e-05
0569	6.000600060006001e-05
0570	6.000600060006001e-05
0573	6.000600060006001e-05
0580	6.000600060006001e-05
0581	6.000600060006001e-05
0583	6.000600060006001e-05
0585	6.000600060006001e-05
0588	6.000600060006001e-05
0594	6.000600060006001e-05
0598	6.000600060006001e-05
0617	6.000600060006001e-05
0620	6.000600060006001e-05
0621	6.000600060006001e-05
0626	6.000600060006001e-05
0628	6.000600060006001e-05
0660	6.000600060006001e-05
0684	6.000600060006001e-05
0688	6.000600060006001e-05
0689	6.000600060006001e-05
0691	6.000600060006001e-05
0692	6.000600060006001e-05
0713	6.000600060006001e-05
0716	6.000600060006001e-05
0718	6.000600060006001e-05
0719	6.000600060006001e-05
0725	6.000600060006001e-05
0727	6.000600060006001e-05
0729	6.000600060006001e-05
0738	6.000600060006001e-05
0743	6.000600060006001e-05
0747	6.000600060006001e-05
0752	6.000600060006001e-05
0769	6.000600060006001e-05
0781	6.000600060006001e-05
0784	6.000600060006001e-05
0785	6.000600060006001e-05
0789	6.000600060006001e-05
0791	6.000600060006001e-05
0793	6.000600060006001e-05
0798	6.000600060006001e-05
0815	6.000600060006001e-05
0818	6.000600060006001e-05
0819	6.000600060006001e-05
0828	6.000600060006001e-05
0829	6.000600060006001e-05
0830	6.000600060006001e-05
0842	6.000600060006001e-05
0848	6.000600060006001e-05
0849	6.000600060006001e-05
0852	6.000600060006001e-05
0856	6.000600060006001e-05
0876	6.000600060006001e-05
0880	6.000600060006001e-05
0884	6.000600060006001e-05
0888	6.000600060006001e-05
0890	6.000600060006001e-05
0891	6.000600060006001e-05
0892	6.000600060006001e-05
0900	6.000600060006001e-05
0921	6.000600060006001e-05
0923	6.000600060006001e-05
0925	6.000600060006001e-05
0942	6.000600060006001e-05
0944	6.000600060006001e-05
0946	6.000600060006001e-05
0947	6.000600060006001e-05
0951	6.000600060006001e-05
0954	6.000600060006001e-05
0956	6.000600060006001e-05
0957	6.000600060006001e-05
0964	6.000600060006001e-05
0967	6.000600060006001e-05
0970	6.000600060006001e-05
0974	6.000600060006001e-05
0976	6.000600060006001e-05
0992	6.000600060006001e-05
0998	6.000600060006001e-05
1013	6.000600060006001e-05
1014	6.000600060006001e-05
1018	6.000600060006001e-05
1019	6.000600060006001e-05
1027	6.000600060006001e-05
1031	6.000600060006001e-05
1032	6.000600060006001e-05
1033	6.000600060006001e-05
1034	6.000600060006001e-05
1036	6.000600060006001e-05
1040	6.000600060006001e-05
1041	6.000600060006001e-05
1042	6.000600060006001e-05
1048	6.000600060006001e-05
1049	6.000600060006001e-05
1050	6.000600060006001e-05
1051	6.000600060006001e-05
1053	6.000600060006001e-05
1054	6.000600060006001e-05
1057	6.000600060006001e-05
1062	6.000600060006001e-05
1068	6.000600060006001e-05
1069	6.000600060006001e-05
1070	6.000600060006001e-05
1072	6.000600060006001e-05
1073	6.000600060006001e-05
1082	6.000600060006001e-05
1083	6.000600060006001e-05
1084	6.000600060006001e-05
1085	6.000600060006001e-05
1087	6.000600060006001e-05
1094	6.000600060006001e-05
1099	6.000600060006001e-05
1114	6.000600060006001e-05
1117	6.000600060006001e-05
1118	6.000600060006001e-05
1127	6.000600060006001e-05
1140	6.000600060006001e-05
1143	6.000600060006001e-05
1144	6.000600060006001e-05
1152	6.000600060006001e-05
1154	6.000600060006001e-05
1161	6.000600060006001e-05
1162	6.000600060006001e-05
1165	6.000600060006001e-05
1166	6.000600060006001e-05
1167	6.000600060006001e-05
1168	6.000600060006001e-05
1169	6.000600060006001e-05
1171	6.000600060006001e-05
1173	6.000600060006001e-05
1175	6.000600060006001e-05
1177	6.000600060006001e-05
1178	6.000600060006001e-05
1179	6.000600060006001e-05
1184	6.000600060006001e-05
1185	6.000600060006001e-05
1186	6.000600060006001e-05
1216	6.000600060006001e-05
1218	6.000600060006001e-05
1219	6.000600060006001e-05
1237	6.000600060006001e-05
1244	6.000600060006001e-05
1247	6.000600060006001e-05
1252	6.000600060006001e-05
1255	6.000600060006001e-05
1264	6.000600060006001e-05
1266	6.000600060006001e-05
1267	6.000600060006001e-05
1271	6.000600060006001e-05
1278	6.000600060006001e-05
1283	6.000600060006001e-05
1286	6.000600060006001e-05
1287	6.000600060006001e-05
1291	6.000600060006001e-05
1294	6.000600060006001e-05
1315	6.000600060006001e-05
1328	6.000600060006001e-05
1329	6.000600060006001e-05
1334	6.000600060006001e-05
1339	6.000600060006001e-05
1342	6.000600060006001e-05
1349	6.000600060006001e-05
1351	6.000600060006001e-05
1358	6.000600060006001e-05
1359	6.000600060006001e-05
1362	6.000600060006001e-05
1367	6.000600060006001e-05
1370	6.000600060006001e-05
1377	6.000600060006001e-05
1380	6.000600060006001e-05
1381	6.000600060006001e-05
1384	6.000600060006001e-05
1393	6.000600060006001e-05
1394	6.000600060006001e-05
1399	6.000600060006001e-05
1416	6.000600060006001e-05
1421	6.000600060006001e-05
1422	6.000600060006001e-05
1426	6.000600060006001e-05
1427	6.000600060006001e-05
1434	6.000600060006001e-05
1435	6.000600060006001e-05
1441	6.000600060006001e-05
1447	6.000600060006001e-05
1451	6.000600060006001e-05
1454	6.000600060006001e-05
1457	6.000600060006001e-05
1459	6.000600060006001e-05
1463	6.000600060006001e-05
1464	6.000600060006001e-05
1466	6.000600060006001e-05
1467	6.000600060006001e-05
1468	6.000600060006001e-05
1471	6.000600060006001e-05
1472	6.000600060006001e-05
1477	6.000600060006001e-05
1482	6.000600060006001e-05
1485	6.000600060006001e-05
1486	6.000600060006001e-05
1487	6.000600060006001e-05
1488	6.000600060006001e-05
1500	6.000600060006001e-05
1513	6.000600060006001e-05
1514	6.000600060006001e-05
1516	6.000600060006001e-05
1519	6.000600060006001e-05
1522	6.000600060006001e-05
1524	6.000600060006001e-05
1527	6.000600060006001e-05
1528	6.000600060006001e-05
1531	6.000600060006001e-05
1535	6.000600060006001e-05
1536	6.000600060006001e-05
1539	6.000600060006001e-05
1547	6.000600060006001e-05
1548	6.000600060006001e-05
1554	6.000600060006001e-05
1568	6.000600060006001e-05
1570	6.000600060006001e-05
1574	6.000600060006001e-05
1576	6.000600060006001e-05
1585	6.000600060006001e-05
1586	6.000600060006001e-05
1595	6.000600060006001e-05
1600	6.000600060006001e-05
1613	6.000600060006001e-05
1618	6.000600060006001e-05
1620	6.000600060006001e-05
1623	6.000600060006001e-05
1624	6.000600060006001e-05
1625	6.000600060006001e-05
1626	6.000600060006001e-05
1627	6.000600060006001e-05
1628	6.000600060006001e-05
1632	6.000600060006001e-05
1633	6.000600060006001e-05
1635	6.000600060006001e-05
1639	6.000600060006001e-05
1640	6.000600060006001e-05
1643	6.000600060006001e-05
1645	6.000600060006001e-05
1653	6.000600060006001e-05
1654	6.000600060006001e-05
1666	6.000600060006001e-05
1667	6.000600060006001e-05
1668	6.000600060006001e-05
1669	6.000600060006001e-05
1676	6.000600060006001e-05
1679	6.000600060006001e-05
1683	6.000600060006001e-05
1685	6.000600060006001e-05
1698	6.000600060006001e-05
1713	6.000600060006001e-05
1714	6.000600060006001e-05
1716	6.000600060006001e-05
1718	6.000600060006001e-05
1719	6.000600060006001e-05
1720	6.000600060006001e-05
1722	6.000600060006001e-05
1725	6.000600060006001e-05
1726	6.000600060006001e-05
1729	6.000600060006001e-05
1734	6.000600060006001e-05
1739	6.000600060006001e-05
1742	6.000600060006001e-05
1746	6.000600060006001e-05
1750	6.000600060006001e-05
1756	6.000600060006001e-05
1763	6.000600060006001e-05
1771	6.000600060006001e-05
1784	6.000600060006001e-05
1785	6.000600060006001e-05
1786	6.000600060006001e-05
1787	6.000600060006001e-05
1793	6.000600060006001e-05
1798	6.000600060006001e-05
1817	6.000600060006001e-05
1820	6.000600060006001e-05
1829	6.000600060006001e-05
1830	6.000600060006001e-05
1836	6.000600060006001e-05
1840	6.000600060006001e-05
1842	6.000600060006001e-05
1846	6.000600060006001e-05
1855	6.000600060006001e-05
1856	6.000600060006001e-05
1860	6.000600060006001e-05
1870	6.000600060006001e-05
1879	6.000600060006001e-05
1880	6.000600060006001e-05
1881	6.000600060006001e-05
1882	6.000600060006001e-05
1885	6.000600060006001e-05
1888	6.000600060006001e-05
1896	6.000600060006001e-05
1897	6.000600060006001e-05
2124	6.000600060006001e-05
2127	6.000600060006001e-05
2129	6.000600060006001e-05
2130	6.000600060006001e-05
2135	6.000600060006001e-05
2137	6.000600060006001e-05
2139	6.000600060006001e-05
2142	6.000600060006001e-05
2145	6.000600060006001e-05
2151	6.000600060006001e-05
2157	6.000600060006001e-05
2169	6.000600060006001e-05
2170	6.000600060006001e-05
2179	6.000600060006001e-05
2181	6.000600060006001e-05
2187	6.000600060006001e-05
2188	6.000600060006001e-05
2189	6.000600060006001e-05
2192	6.000600060006001e-05
2193	6.000600060006001e-05
2197	6.000600060006001e-05
2199	6.000600060006001e-05
2218	6.000600060006001e-05
2219	6.000600060006001e-05
2223	6.000600060006001e-05
2225	6.000600060006001e-05
2227	6.000600060006001e-05
2230	6.000600060006001e-05
2235	6.000600060006001e-05
2236	6.000600060006001e-05
2241	6.000600060006001e-05
2242	6.000600060006001e-05
2244	6.000600060006001e-05
2246	6.000600060006001e-05
2247	6.000600060006001e-05
2259	6.000600060006001e-05
2263	6.000600060006001e-05
2269	6.000600060006001e-05
2270	6.000600060006001e-05
2280	6.000600060006001e-05
2281	6.000600060006001e-05
2283	6.000600060006001e-05
2286	6.000600060006001e-05
2287	6.000600060006001e-05
2289	6.000600060006001e-05
2292	6.000600060006001e-05
2319	6.000600060006001e-05
2326	6.000600060006001e-05
2329	6.000600060006001e-05
2331	6.000600060006001e-05
2333	6.000600060006001e-05
2350	6.000600060006001e-05
2359	6.000600060006001e-05
2369	6.000600060006001e-05
2370	6.000600060006001e-05
2371	6.000600060006001e-05
2373	6.000600060006001e-05
2374	6.000600060006001e-05
2376	6.000600060006001e-05
2383	6.000600060006001e-05
2384	6.000600060006001e-05
2390	6.000600060006001e-05
2393	6.000600060006001e-05
2395	6.000600060006001e-05
2400	6.000600060006001e-05
2416	6.000600060006001e-05
2417	6.000600060006001e-05
2420	6.000600060006001e-05
2421	6.000600060006001e-05
2423	6.000600060006001e-05
2425	6.000600060006001e-05
2429	6.000600060006001e-05
2431	6.000600060006001e-05
2432	6.000600060006001e-05
2435	6.000600060006001e-05
2442	6.000600060006001e-05
2464	6.000600060006001e-05
2465	6.000600060006001e-05
2476	6.000600060006001e-05
2480	6.000600060006001e-05
2482	6.000600060006001e-05
2483	6.000600060006001e-05
2486	6.000600060006001e-05
2487	6.000600060006001e-05
2490	6.000600060006001e-05
2494	6.000600060006001e-05
2495	6.000600060006001e-05
2496	6.000600060006001e-05
2497	6.000600060006001e-05
2515	6.000600060006001e-05
2517	6.000600060006001e-05
2520	6.000600060006001e-05
2522	6.000600060006001e-05
2528	6.000600060006001e-05
2530	6.000600060006001e-05
2541	6.000600060006001e-05
2548	6.000600060006001e-05
2549	6.000600060006001e-05
2553	6.000600060006001e-05
2554	6.000600060006001e-05
2558	6.000600060006001e-05
2560	6.000600060006001e-05
2567	6.000600060006001e-05
2572	6.000600060006001e-05
2574	6.000600060006001e-05
2576	6.000600060006001e-05
2577	6.000600060006001e-05
2583	6.000600060006001e-05
2584	6.000600060006001e-05
2586	6.000600060006001e-05
2592	6.000600060006001e-05
2593	6.000600060006001e-05
2594	6.000600060006001e-05
2595	6.000600060006001e-05
2599	6.000600060006001e-05
2600	6.000600060006001e-05
2614	6.000600060006001e-05
2622	6.000600060006001e-05
2629	6.000600060006001e-05
2634	6.000600060006001e-05
2636	6.000600060006001e-05
2638	6.000600060006001e-05
2640	6.000600060006001e-05
2654	6.000600060006001e-05
2655	6.000600060006001e-05
2663	6.000600060006001e-05
2664	6.000600060006001e-05
2680	6.000600060006001e-05
2682	6.000600060006001e-05
2683	6.000600060006001e-05
2687	6.000600060006001e-05
2691	6.000600060006001e-05
2693	6.000600060006001e-05
2696	6.000600060006001e-05
2697	6.000600060006001e-05
2713	6.000600060006001e-05
2714	6.000600060006001e-05
2724	6.000600060006001e-05
2736	6.000600060006001e-05
2740	6.000600060006001e-05
2742	6.000600060006001e-05
2743	6.000600060006001e-05
2747	6.000600060006001e-05
2750	6.000600060006001e-05
2762	6.000600060006001e-05
2764	6.000600060006001e-05
2766	6.000600060006001e-05
2772	6.000600060006001e-05
2774	6.000600060006001e-05
2777	6.000600060006001e-05
2783	6.000600060006001e-05
2787	6.000600060006001e-05
2788	6.000600060006001e-05
2795	6.000600060006001e-05
2800	6.000600060006001e-05
2813	6.000600060006001e-05
2814	6.000600060006001e-05
2815	6.000600060006001e-05
2818	6.000600060006001e-05
2821	6.000600060006001e-05
2822	6.000600060006001e-05
2823	6.000600060006001e-05
2826	6.000600060006001e-05
2828	6.000600060006001e-05
2830	6.000600060006001e-05
2832	6.000600060006001e-05
2833	6.000600060006001e-05
2837	6.000600060006001e-05
2839	6.000600060006001e-05
2842	6.000600060006001e-05
2843	6.000600060006001e-05
2850	6.000600060006001e-05
2851	6.000600060006001e-05
2860	6.000600060006001e-05
2871	6.000600060006001e-05
2880	6.000600060006001e-05
2882	6.000600060006001e-05
2884	6.000600060006001e-05
2885	6.000600060006001e-05
2887	6.000600060006001e-05
2889	6.000600060006001e-05
2891	6.000600060006001e-05
2895	6.000600060006001e-05
2897	6.000600060006001e-05
2900	6.000600060006001e-05
2914	6.000600060006001e-05
2917	6.000600060006001e-05
2937	6.000600060006001e-05
2939	6.000600060006001e-05
2942	6.000600060006001e-05
2944	6.000600060006001e-05
2954	6.000600060006001e-05
2955	6.000600060006001e-05
2965	6.000600060006001e-05
2972	6.000600060006001e-05
2980	6.000600060006001e-05
2984	6.000600060006001e-05
2986	6.000600060006001e-05
2989	6.000600060006001e-05
2994	6.000600060006001e-05
2995	6.000600060006001e-05
2997	6.000600060006001e-05
3014	6.000600060006001e-05
3015	6.000600060006001e-05
3017	6.000600060006001e-05
3018	6.000600060006001e-05
3020	6.000600060006001e-05
3023	6.000600060006001e-05
3030	6.000600060006001e-05
3032	6.000600060006001e-05
3037	6.000600060006001e-05
3041	6.000600060006001e-05
3047	6.000600060006001e-05
3050	6.000600060006001e-05
3051	6.000600060006001e-05
3058	6.000600060006001e-05
3065	6.000600060006001e-05
3079	6.000600060006001e-05
3081	6.000600060006001e-05
3088	6.000600060006001e-05
3089	6.000600060006001e-05
3103	6.000600060006001e-05
3113	6.000600060006001e-05
3121	6.000600060006001e-05
3127	6.000600060006001e-05
3128	6.000600060006001e-05
3129	6.000600060006001e-05
3134	6.000600060006001e-05
3144	6.000600060006001e-05
3147	6.000600060006001e-05
3157	6.000600060006001e-05
3169	6.000600060006001e-05
3179	6.000600060006001e-05
3189	6.000600060006001e-05
3190	6.000600060006001e-05
3191	6.000600060006001e-05
3195	6.000600060006001e-05
3199	6.000600060006001e-05
3200	6.000600060006001e-05
3215	6.000600060006001e-05
3218	6.000600060006001e-05
3220	6.000600060006001e-05
3224	6.000600060006001e-05
3226	6.000600060006001e-05
3231	6.000600060006001e-05
3243	6.000600060006001e-05
3245	6.000600060006001e-05
3261	6.000600060006001e-05
3265	6.000600060006001e-05
3275	6.000600060006001e-05
3279	6.000600060006001e-05
3288	6.000600060006001e-05
3290	6.000600060006001e-05
3294	6.000600060006001e-05
3300	6.000600060006001e-05
3303	6.000600060006001e-05
3305	6.000600060006001e-05
3308	6.000600060006001e-05
3311	6.000600060006001e-05
3315	6.000600060006001e-05
3316	6.000600060006001e-05
3326	6.000600060006001e-05
3338	6.000600060006001e-05
3345	6.000600060006001e-05
3347	6.000600060006001e-05
3355	6.000600060006001e-05
3358	6.000600060006001e-05
3363	6.000600060006001e-05
3368	6.000600060006001e-05
3371	6.000600060006001e-05
3375	6.000600060006001e-05
3377	6.000600060006001e-05
3379	6.000600060006001e-05
3390	6.000600060006001e-05
3393	6.000600060006001e-05
3396	6.000600060006001e-05
3398	6.000600060006001e-05
3399	6.000600060006001e-05
3401	6.000600060006001e-05
3402	6.000600060006001e-05
3410	6.000600060006001e-05
3421	6.000600060006001e-05
3434	6.000600060006001e-05
3436	6.000600060006001e-05
3438	6.000600060006001e-05
3443	6.000600060006001e-05
3447	6.000600060006001e-05
3450	6.000600060006001e-05
3458	6.000600060006001e-05
3473	6.000600060006001e-05
3486	6.000600060006001e-05
3491	6.000600060006001e-05
3500	6.000600060006001e-05
3508	6.000600060006001e-05
3517	6.000600060006001e-05
3526	6.000600060006001e-05
3534	6.000600060006001e-05
3542	6.000600060006001e-05
3543	6.000600060006001e-05
3545	6.000600060006001e-05
3552	6.000600060006001e-05
3555	6.000600060006001e-05
3559	6.000600060006001e-05
3567	6.000600060006001e-05
3578	6.000600060006001e-05
3579	6.000600060006001e-05
3586	6.000600060006001e-05
3588	6.000600060006001e-05
3590	6.000600060006001e-05
3591	6.000600060006001e-05
3593	6.000600060006001e-05
3624	6.000600060006001e-05
3642	6.000600060006001e-05
3644	6.000600060006001e-05
3647	6.000600060006001e-05
3650	6.000600060006001e-05
3659	6.000600060006001e-05
3663	6.000600060006001e-05
3664	6.000600060006001e-05
3679	6.000600060006001e-05
3680	6.000600060006001e-05
3683	6.000600060006001e-05
3689	6.000600060006001e-05
3692	6.000600060006001e-05
3694	6.000600060006001e-05
3696	6.000600060006001e-05
3699	6.000600060006001e-05
3711	6.000600060006001e-05
3718	6.000600060006001e-05
3720	6.000600060006001e-05
3737	6.000600060006001e-05
3738	6.000600060006001e-05
3768	6.000600060006001e-05
3781	6.000600060006001e-05
3786	6.000600060006001e-05
3791	6.000600060006001e-05
3799	6.000600060006001e-05
3803	6.000600060006001e-05
3805	6.000600060006001e-05
3814	6.000600060006001e-05
3829	6.000600060006001e-05
3838	6.000600060006001e-05
3840	6.000600060006001e-05
3848	6.000600060006001e-05
3852	6.000600060006001e-05
3860	6.000600060006001e-05
3878	6.000600060006001e-05
3883	6.000600060006001e-05
3886	6.000600060006001e-05
3898	6.000600060006001e-05
3901	6.000600060006001e-05
3912	6.000600060006001e-05
3916	6.000600060006001e-05
3935	6.000600060006001e-05
3939	6.000600060006001e-05
3966	6.000600060006001e-05
3973	6.000600060006001e-05
3980	6.000600060006001e-05
3983	6.000600060006001e-05
3985	6.000600060006001e-05
3986	6.000600060006001e-05
3989	6.000600060006001e-05
3991	6.000600060006001e-05
3993	6.000600060006001e-05
3997	6.000600060006001e-05
4002	6.000600060006001e-05
4004	6.000600060006001e-05
4008	6.000600060006001e-05
4012	6.000600060006001e-05
4021	6.000600060006001e-05
4026	6.000600060006001e-05
4031	6.000600060006001e-05
4048	6.000600060006001e-05
4050	6.000600060006001e-05
4057	6.000600060006001e-05
4100	6.000600060006001e-05
4105	6.000600060006001e-05
4112	6.000600060006001e-05
4113	6.000600060006001e-05
4115	6.000600060006001e-05
4125	6.000600060006001e-05
4128	6.000600060006001e-05
4129	6.000600060006001e-05
4147	6.000600060006001e-05
4152	6.000600060006001e-05
4154	6.000600060006001e-05
4157	6.000600060006001e-05
4180	6.000600060006001e-05
4187	6.000600060006001e-05
4190	6.000600060006001e-05
4193	6.000600060006001e-05
4196	6.000600060006001e-05
4200	6.000600060006001e-05
4201	6.000600060006001e-05
4209	6.000600060006001e-05
4211	6.000600060006001e-05
4224	6.000600060006001e-05
4231	6.000600060006001e-05
4236	6.000600060006001e-05
4240	6.000600060006001e-05
4242	6.000600060006001e-05
4249	6.000600060006001e-05
4250	6.000600060006001e-05
4251	6.000600060006001e-05
4265	6.000600060006001e-05
4270	6.000600060006001e-05
4272	6.000600060006001e-05
4280	6.000600060006001e-05
4283	6.000600060006001e-05
4287	6.000600060006001e-05
4290	6.000600060006001e-05
4293	6.000600060006001e-05
4300	6.000600060006001e-05
4301	6.000600060006001e-05
4315	6.000600060006001e-05
4316	6.000600060006001e-05
4324	6.000600060006001e-05
4325	6.000600060006001e-05
4333	6.000600060006001e-05
4340	6.000600060006001e-05
4344	6.000600060006001e-05
4349	6.000600060006001e-05
4350	6.000600060006001e-05
4351	6.000600060006001e-05
4360	6.000600060006001e-05
4370	6.000600060006001e-05
4380	6.000600060006001e-05
4388	6.000600060006001e-05
4389	6.000600060006001e-05
4390	6.000600060006001e-05
4393	6.000600060006001e-05
4396	6.000600060006001e-05
4400	6.000600060006001e-05
4404	6.000600060006001e-05
4412	6.000600060006001e-05
4415	6.000600060006001e-05
4416	6.000600060006001e-05
4422	6.000600060006001e-05
4438	6.000600060006001e-05
4443	6.000600060006001e-05
4450	6.000600060006001e-05
4453	6.000600060006001e-05
4460	6.000600060006001e-05
4470	6.000600060006001e-05
4474	6.000600060006001e-05
4480	6.000600060006001e-05
4486	6.000600060006001e-05
4495	6.000600060006001e-05
4510	6.000600060006001e-05
4516	6.000600060006001e-05
4520	6.000600060006001e-05
4526	6.000600060006001e-05
4530	6.000600060006001e-05
4532	6.000600060006001e-05
4540	6.000600060006001e-05
4543	6.000600060006001e-05
4544	6.000600060006001e-05
4548	6.000600060006001e-05
4550	6.000600060006001e-05
4552	6.000600060006001e-05
4554	6.000600060006001e-05
4563	6.000600060006001e-05
4565	6.000600060006001e-05
4566	6.000600060006001e-05
4572	6.000600060006001e-05
4574	6.000600060006001e-05
4575	6.000600060006001e-05
4586	6.000600060006001e-05
4587	6.000600060006001e-05
4595	6.000600060006001e-05
4599	6.000600060006001e-05
4610	6.000600060006001e-05
4611	6.000600060006001e-05
4613	6.000600060006001e-05
4625	6.000600060006001e-05
4629	6.000600060006001e-05
4630	6.000600060006001e-05
4638	6.000600060006001e-05
4640	6.000600060006001e-05
4646	6.000600060006001e-05
4648	6.000600060006001e-05
4649	6.000600060006001e-05
4658	6.000600060006001e-05
4669	6.000600060006001e-05
4670	6.000600060006001e-05
4675	6.000600060006001e-05
4682	6.000600060006001e-05
4687	6.000600060006001e-05
4689	6.000600060006001e-05
4691	6.000600060006001e-05
4692	6.000600060006001e-05
4693	6.000600060006001e-05
4699	6.000600060006001e-05
4710	6.000600060006001e-05
4720	6.000600060006001e-05
4724	6.000600060006001e-05
4740	6.000600060006001e-05
4744	6.000600060006001e-05
4759	6.000600060006001e-05
4760	6.000600060006001e-05
4768	6.000600060006001e-05
4782	6.000600060006001e-05
4785	6.000600060006001e-05
4793	6.000600060006001e-05
4810	6.000600060006001e-05
4825	6.000600060006001e-05
4830	6.000600060006001e-05
4840	6.000600060006001e-05
4848	6.000600060006001e-05
4849	6.000600060006001e-05
4850	6.000600060006001e-05
4852	6.000600060006001e-05
4860	6.000600060006001e-05
4862	6.000600060006001e-05
4870	6.000600060006001e-05
4880	6.000600060006001e-05
4884	6.000600060006001e-05
4885	6.000600060006001e-05
4890	6.000600060006001e-05
4904	6.000600060006001e-05
4910	6.000600060006001e-05
4912	6.000600060006001e-05
4915	6.000600060006001e-05
4920	6.000600060006001e-05
4929	6.000600060006001e-05
4930	6.000600060006001e-05
4936	6.000600060006001e-05
4940	6.000600060006001e-05
4947	6.000600060006001e-05
4950	6.000600060006001e-05
4955	6.000600060006001e-05
4956	6.000600060006001e-05
4968	6.000600060006001e-05
4970	6.000600060006001e-05
4987	6.000600060006001e-05
4988	6.000600060006001e-05
4989	6.000600060006001e-05
4990	6.000600060006001e-05
4991	6.000600060006001e-05
4992	6.000600060006001e-05
4997	6.000600060006001e-05
5001	6.000600060006001e-05
5013	6.000600060006001e-05
5036	6.000600060006001e-05
5092	6.000600060006001e-05
5111	6.000600060006001e-05
5120	6.000600060006001e-05
5130	6.000600060006001e-05
5137	6.000600060006001e-05
5145	6.000600060006001e-05
5153	6.000600060006001e-05
5181	6.000600060006001e-05
5185	6.000600060006001e-05
5188	6.000600060006001e-05
5189	6.000600060006001e-05
5196	6.000600060006001e-05
5200	6.000600060006001e-05
5203	6.000600060006001e-05
5204	6.000600060006001e-05
5209	6.000600060006001e-05
5210	6.000600060006001e-05
5233	6.000600060006001e-05
5242	6.000600060006001e-05
5250	6.000600060006001e-05
5251	6.000600060006001e-05
5263	6.000600060006001e-05
5265	6.000600060006001e-05
5266	6.000600060006001e-05
5274	6.000600060006001e-05
5282	6.000600060006001e-05
5283	6.000600060006001e-05
5288	6.000600060006001e-05
5291	6.000600060006001e-05
5292	6.000600060006001e-05
5296	6.000600060006001e-05
5303	6.000600060006001e-05
5309	6.000600060006001e-05
5310	6.000600060006001e-05
5311	6.000600060006001e-05
5317	6.000600060006001e-05
5320	6.000600060006001e-05
5330	6.000600060006001e-05
5348	6.000600060006001e-05
5353	6.000600060006001e-05
5354	6.000600060006001e-05
5361	6.000600060006001e-05
5369	6.000600060006001e-05
5384	6.000600060006001e-05
5387	6.000600060006001e-05
5390	6.000600060006001e-05
5396	6.000600060006001e-05
5400	6.000600060006001e-05
5410	6.000600060006001e-05
5414	6.000600060006001e-05
5415	6.000600060006001e-05
5416	6.000600060006001e-05
5425	6.000600060006001e-05
5432	6.000600060006001e-05
5434	6.000600060006001e-05
5438	6.000600060006001e-05
5442	6.000600060006001e-05
5450	6.000600060006001e-05
5452	6.000600060006001e-05
5454	6.000600060006001e-05
5464	6.000600060006001e-05
5468	6.000600060006001e-05
5475	6.000600060006001e-05
5483	6.000600060006001e-05
5488	6.000600060006001e-05
5489	6.000600060006001e-05
5490	6.000600060006001e-05
5495	6.000600060006001e-05
5496	6.000600060006001e-05
5499	6.000600060006001e-05
5502	6.000600060006001e-05
5504	6.000600060006001e-05
5505	6.000600060006001e-05
5511	6.000600060006001e-05
5516	6.000600060006001e-05
5521	6.000600060006001e-05
5528	6.000600060006001e-05
5533	6.000600060006001e-05
5535	6.000600060006001e-05
5553	6.000600060006001e-05
5556	6.000600060006001e-05
5562	6.000600060006001e-05
5564	6.000600060006001e-05
5572	6.000600060006001e-05
5586	6.000600060006001e-05
5587	6.000600060006001e-05
5590	6.000600060006001e-05
5598	6.000600060006001e-05
5599	6.000600060006001e-05
5602	6.000600060006001e-05
5611	6.000600060006001e-05
5613	6.000600060006001e-05
5624	6.000600060006001e-05
5629	6.000600060006001e-05
5631	6.000600060006001e-05
5632	6.000600060006001e-05
5657	6.000600060006001e-05
5666	6.000600060006001e-05
5667	6.000600060006001e-05
5668	6.000600060006001e-05
5676	6.000600060006001e-05
5684	6.000600060006001e-05
5691	6.000600060006001e-05
5693	6.000600060006001e-05
5699	6.000600060006001e-05
5700	6.000600060006001e-05
5703	6.000600060006001e-05
5710	6.000600060006001e-05
5716	6.000600060006001e-05
5717	6.000600060006001e-05
5741	6.000600060006001e-05
5759	6.000600060006001e-05
5760	6.000600060006001e-05
5787	6.000600060006001e-05
5789	6.000600060006001e-05
5794	6.000600060006001e-05
5795	6.000600060006001e-05
5797	6.000600060006001e-05
5800	6.000600060006001e-05
5805	6.000600060006001e-05
5858	6.000600060006001e-05
5859	6.000600060006001e-05
5862	6.000600060006001e-05
5868	6.000600060006001e-05
5882	6.000600060006001e-05
5887	6.000600060006001e-05
5897	6.000600060006001e-05
5904	6.000600060006001e-05
5933	6.000600060006001e-05
5934	6.000600060006001e-05
5945	6.000600060006001e-05
5960	6.000600060006001e-05
5966	6.000600060006001e-05
5985	6.000600060006001e-05
5986	6.000600060006001e-05
5991	6.000600060006001e-05
5992	6.000600060006001e-05
5995	6.000600060006001e-05
6001	6.000600060006001e-05
6002	6.000600060006001e-05
6008	6.000600060006001e-05
6012	6.000600060006001e-05
6020	6.000600060006001e-05
6042	6.000600060006001e-05
6047	6.000600060006001e-05
6060	6.000600060006001e-05
6066	6.000600060006001e-05
6070	6.000600060006001e-05
6088	6.000600060006001e-05
6089	6.000600060006001e-05
6091	6.000600060006001e-05
6102	6.000600060006001e-05
6120	6.000600060006001e-05
6123	6.000600060006001e-05
6125	6.000600060006001e-05
6140	6.000600060006001e-05
6142	6.000600060006001e-05
6150	6.000600060006001e-05
6177	6.000600060006001e-05
6188	6.000600060006001e-05
6194	6.000600060006001e-05
6199	6.000600060006001e-05
6208	6.000600060006001e-05
6209	6.000600060006001e-05
6210	6.000600060006001e-05
6211	6.000600060006001e-05
6213	6.000600060006001e-05
6219	6.000600060006001e-05
6220	6.000600060006001e-05
6227	6.000600060006001e-05
6228	6.000600060006001e-05
6233	6.000600060006001e-05
6234	6.000600060006001e-05
6248	6.000600060006001e-05
6249	6.000600060006001e-05
6258	6.000600060006001e-05
6262	6.000600060006001e-05
6270	6.000600060006001e-05
6280	6.000600060006001e-05
6282	6.000600060006001e-05
6289	6.000600060006001e-05
6292	6.000600060006001e-05
6303	6.000600060006001e-05
6307	6.000600060006001e-05
6311	6.000600060006001e-05
6313	6.000600060006001e-05
6315	6.000600060006001e-05
6320	6.000600060006001e-05
6321	6.000600060006001e-05
6322	6.000600060006001e-05
6324	6.000600060006001e-05
6327	6.000600060006001e-05
6339	6.000600060006001e-05
6351	6.000600060006001e-05
6361	6.000600060006001e-05
6363	6.000600060006001e-05
6369	6.000600060006001e-05
6388	6.000600060006001e-05
6390	6.000600060006001e-05
6397	6.000600060006001e-05
6401	6.000600060006001e-05
6407	6.000600060006001e-05
6411	6.000600060006001e-05
6418	6.000600060006001e-05
6420	6.000600060006001e-05
6439	6.000600060006001e-05
6462	6.000600060006001e-05
6468	6.000600060006001e-05
6479	6.000600060006001e-05
6485	6.000600060006001e-05
6488	6.000600060006001e-05
6489	6.000600060006001e-05
6491	6.000600060006001e-05
6500	6.000600060006001e-05
6502	6.000600060006001e-05
6513	6.000600060006001e-05
6518	6.000600060006001e-05
6520	6.000600060006001e-05
6540	6.000600060006001e-05
6544	6.000600060006001e-05
6564	6.000600060006001e-05
6569	6.000600060006001e-05
6577	6.000600060006001e-05
6589	6.000600060006001e-05
6590	6.000600060006001e-05
6594	6.000600060006001e-05
6597	6.000600060006001e-05
6605	6.000600060006001e-05
6607	6.000600060006001e-05
6608	6.000600060006001e-05
6611	6.000600060006001e-05
6623	6.000600060006001e-05
6624	6.000600060006001e-05
6626	6.000600060006001e-05
6632	6.000600060006001e-05
6634	6.000600060006001e-05
6649	6.000600060006001e-05
6654	6.000600060006001e-05
6656	6.000600060006001e-05
6680	6.000600060006001e-05
6681	6.000600060006001e-05
6682	6.000600060006001e-05
6683	6.000600060006001e-05
6686	6.000600060006001e-05
6691	6.000600060006001e-05
6693	6.000600060006001e-05
6694	6.000600060006001e-05
6696	6.000600060006001e-05
6698	6.000600060006001e-05
6700	6.000600060006001e-05
6763	6.000600060006001e-05
6769	6.000600060006001e-05
6771	6.000600060006001e-05
6778	6.000600060006001e-05
6780	6.000600060006001e-05
6781	6.000600060006001e-05
6785	6.000600060006001e-05
6786	6.000600060006001e-05
6790	6.000600060006001e-05
6793	6.000600060006001e-05
6798	6.000600060006001e-05
6802	6.000600060006001e-05
6842	6.000600060006001e-05
6845	6.000600060006001e-05
6862	6.000600060006001e-05
6866	6.000600060006001e-05
6881	6.000600060006001e-05
6885	6.000600060006001e-05
6890	6.000600060006001e-05
6894	6.000600060006001e-05
6895	6.000600060006001e-05
6918	6.000600060006001e-05
6920	6.000600060006001e-05
6928	6.000600060006001e-05
6931	6.000600060006001e-05
6938	6.000600060006001e-05
6953	6.000600060006001e-05
6968	6.000600060006001e-05
6977	6.000600060006001e-05
6978	6.000600060006001e-05
6981	6.000600060006001e-05
6987	6.000600060006001e-05
6989	6.000600060006001e-05
6990	6.000600060006001e-05
6998	6.000600060006001e-05
6999	6.000600060006001e-05
7007	6.000600060006001e-05
7010	6.000600060006001e-05
7012	6.000600060006001e-05
7030	6.000600060006001e-05
7038	6.000600060006001e-05
7071	6.000600060006001e-05
7078	6.000600060006001e-05
7080	6.000600060006001e-05
7089	6.000600060006001e-05
7100	6.000600060006001e-05
7101	6.000600060006001e-05
7104	6.000600060006001e-05
7117	6.000600060006001e-05
7125	6.000600060006001e-05
7127	6.000600060006001e-05
7133	6.000600060006001e-05
7153	6.000600060006001e-05
7155	6.000600060006001e-05
7161	6.000600060006001e-05
7167	6.000600060006001e-05
7168	6.000600060006001e-05
7172	6.000600060006001e-05
7174	6.000600060006001e-05
7184	6.000600060006001e-05
7189	6.000600060006001e-05
7195	6.000600060006001e-05
7197	6.000600060006001e-05
7199	6.000600060006001e-05
7213	6.000600060006001e-05
7236	6.000600060006001e-05
7241	6.000600060006001e-05
7250	6.000600060006001e-05
7251	6.000600060006001e-05
7260	6.000600060006001e-05
7262	6.000600060006001e-05
7264	6.000600060006001e-05
7269	6.000600060006001e-05
7274	6.000600060006001e-05
7282	6.000600060006001e-05
7283	6.000600060006001e-05
7288	6.000600060006001e-05
7296	6.000600060006001e-05
7315	6.000600060006001e-05
7320	6.000600060006001e-05
7321	6.000600060006001e-05
7325	6.000600060006001e-05
7326	6.000600060006001e-05
7351	6.000600060006001e-05
7389	6.000600060006001e-05
7390	6.000600060006001e-05
7392	6.000600060006001e-05
7412	6.000600060006001e-05
7418	6.000600060006001e-05
7420	6.000600060006001e-05
7421	6.000600060006001e-05
7437	6.000600060006001e-05
7465	6.000600060006001e-05
7469	6.000600060006001e-05
7474	6.000600060006001e-05
7482	6.000600060006001e-05
7487	6.000600060006001e-05
7490	6.000600060006001e-05
7492	6.000600060006001e-05
7500	6.000600060006001e-05
7512	6.000600060006001e-05
7514	6.000600060006001e-05
7515	6.000600060006001e-05
7519	6.000600060006001e-05
7532	6.000600060006001e-05
7578	6.000600060006001e-05
7582	6.000600060006001e-05
7583	6.000600060006001e-05
7585	6.000600060006001e-05
7588	6.000600060006001e-05
7592	6.000600060006001e-05
7594	6.000600060006001e-05
7597	6.000600060006001e-05
7602	6.000600060006001e-05
7606	6.000600060006001e-05
7622	6.000600060006001e-05
7623	6.000600060006001e-05
7624	6.000600060006001e-05
7625	6.000600060006001e-05
7632	6.000600060006001e-05
7633	6.000600060006001e-05
7647	6.000600060006001e-05
7656	6.000600060006001e-05
7659	6.000600060006001e-05
7665	6.000600060006001e-05
7677	6.000600060006001e-05
7679	6.000600060006001e-05
7687	6.000600060006001e-05
7708	6.000600060006001e-05
7710	6.000600060006001e-05
7713	6.000600060006001e-05
7715	6.000600060006001e-05
7718	6.000600060006001e-05
7722	6.000600060006001e-05
7724	6.000600060006001e-05
7732	6.000600060006001e-05
7733	6.000600060006001e-05
7735	6.000600060006001e-05
7736	6.000600060006001e-05
7741	6.000600060006001e-05
7743	6.000600060006001e-05
7744	6.000600060006001e-05
7746	6.000600060006001e-05
7747	6.000600060006001e-05
7767	6.000600060006001e-05
7775	6.000600060006001e-05
7776	6.000600060006001e-05
7778	6.000600060006001e-05
7779	6.000600060006001e-05
7782	6.000600060006001e-05
7790	6.000600060006001e-05
7792	6.000600060006001e-05
7793	6.000600060006001e-05
7794	6.000600060006001e-05
7804	6.000600060006001e-05
7806	6.000600060006001e-05
7812	6.000600060006001e-05
7844	6.000600060006001e-05
7852	6.000600060006001e-05
7853	6.000600060006001e-05
7860	6.000600060006001e-05
7868	6.000600060006001e-05
7870	6.000600060006001e-05
7871	6.000600060006001e-05
7873	6.000600060006001e-05
7881	6.000600060006001e-05
7884	6.000600060006001e-05
7888	6.000600060006001e-05
7892	6.000600060006001e-05
7893	6.000600060006001e-05
7894	6.000600060006001e-05
7895	6.000600060006001e-05
7897	6.000600060006001e-05
7898	6.000600060006001e-05
7899	6.000600060006001e-05
7900	6.000600060006001e-05
7903	6.000600060006001e-05
7905	6.000600060006001e-05
7911	6.000600060006001e-05
7920	6.000600060006001e-05
7921	6.000600060006001e-05
7922	6.000600060006001e-05
7923	6.000600060006001e-05
7925	6.000600060006001e-05
7930	6.000600060006001e-05
7931	6.000600060006001e-05
7935	6.000600060006001e-05
7953	6.000600060006001e-05
7954	6.000600060006001e-05
7977	6.000600060006001e-05
7978	6.000600060006001e-05
7980	6.000600060006001e-05
7982	6.000600060006001e-05
7985	6.000600060006001e-05
7995	6.000600060006001e-05
8000	6.000600060006001e-05
8002	6.000600060006001e-05
8006	6.000600060006001e-05
8010	6.000600060006001e-05
8011	6.000600060006001e-05
8030	6.000600060006001e-05
8082	6.000600060006001e-05
8084	6.000600060006001e-05
8085	6.000600060006001e-05
8088	6.000600060006001e-05
8089	6.000600060006001e-05
8092	6.000600060006001e-05
8097	6.000600060006001e-05
8106	6.000600060006001e-05
8114	6.000600060006001e-05
8116	6.000600060006001e-05
8117	6.000600060006001e-05
8120	6.000600060006001e-05
8121	6.000600060006001e-05
8137	6.000600060006001e-05
8149	6.000600060006001e-05
8159	6.000600060006001e-05
8162	6.000600060006001e-05
8171	6.000600060006001e-05
8179	6.000600060006001e-05
8182	6.000600060006001e-05
8183	6.000600060006001e-05
8191	6.000600060006001e-05
8194	6.000600060006001e-05
8195	6.000600060006001e-05
8197	6.000600060006001e-05
8198	6.000600060006001e-05
8205	6.000600060006001e-05
8209	6.000600060006001e-05
8210	6.000600060006001e-05
8218	6.000600060006001e-05
8219	6.000600060006001e-05
8230	6.000600060006001e-05
8238	6.000600060006001e-05
8250	6.000600060006001e-05
8253	6.000600060006001e-05
8255	6.000600060006001e-05
8262	6.000600060006001e-05
8272	6.000600060006001e-05
8274	6.000600060006001e-05
8277	6.000600060006001e-05
8280	6.000600060006001e-05
8282	6.000600060006001e-05
8286	6.000600060006001e-05
8289	6.000600060006001e-05
8293	6.000600060006001e-05
8295	6.000600060006001e-05
8299	6.000600060006001e-05
8304	6.000600060006001e-05
8305	6.000600060006001e-05
8306	6.000600060006001e-05
8318	6.000600060006001e-05
8320	6.000600060006001e-05
8321	6.000600060006001e-05
8330	6.000600060006001e-05
8338	6.000600060006001e-05
8361	6.000600060006001e-05
8378	6.000600060006001e-05
8379	6.000600060006001e-05
8391	6.000600060006001e-05
8397	6.000600060006001e-05
8402	6.000600060006001e-05
8405	6.000600060006001e-05
8412	6.000600060006001e-05
8414	6.000600060006001e-05
8418	6.000600060006001e-05
8427	6.000600060006001e-05
8436	6.000600060006001e-05
8448	6.000600060006001e-05
8464	6.000600060006001e-05
8478	6.000600060006001e-05
8479	6.000600060006001e-05
8487	6.000600060006001e-05
8491	6.000600060006001e-05
8493	6.000600060006001e-05
8497	6.000600060006001e-05
8501	6.000600060006001e-05
8502	6.000600060006001e-05
8511	6.000600060006001e-05
8512	6.000600060006001e-05
8513	6.000600060006001e-05
8528	6.000600060006001e-05
8531	6.000600060006001e-05
8532	6.000600060006001e-05
8541	6.000600060006001e-05
8545	6.000600060006001e-05
8546	6.000600060006001e-05
8552	6.000600060006001e-05
8566	6.000600060006001e-05
8572	6.000600060006001e-05
8579	6.000600060006001e-05
8582	6.000600060006001e-05
8583	6.000600060006001e-05
8588	6.000600060006001e-05
8590	6.000600060006001e-05
8593	6.000600060006001e-05
8595	6.000600060006001e-05
8599	6.000600060006001e-05
8609	6.000600060006001e-05
8648	6.000600060006001e-05
8651	6.000600060006001e-05
8662	6.000600060006001e-05
8677	6.000600060006001e-05
8678	6.000600060006001e-05
8685	6.000600060006001e-05
8690	6.000600060006001e-05
8692	6.000600060006001e-05
8699	6.000600060006001e-05
8700	6.000600060006001e-05
8703	6.000600060006001e-05
8705	6.000600060006001e-05
8717	6.000600060006001e-05
8722	6.000600060006001e-05
8726	6.000600060006001e-05
8732	6.000600060006001e-05
8741	6.000600060006001e-05
8754	6.000600060006001e-05
8758	6.000600060006001e-05
8778	6.000600060006001e-05
8779	6.000600060006001e-05
8780	6.000600060006001e-05
8782	6.000600060006001e-05
8783	6.000600060006001e-05
8784	6.000600060006001e-05
8801	6.000600060006001e-05
8803	6.000600060006001e-05
8805	6.000600060006001e-05
8813	6.000600060006001e-05
8824	6.000600060006001e-05
8825	6.000600060006001e-05
8835	6.000600060006001e-05
8844	6.000600060006001e-05
8847	6.000600060006001e-05
8869	6.000600060006001e-05
8877	6.000600060006001e-05
8879	6.000600060006001e-05
8880	6.000600060006001e-05
8894	6.000600060006001e-05
8895	6.000600060006001e-05
8901	6.000600060006001e-05
8902	6.000600060006001e-05
8904	6.000600060006001e-05
8905	6.000600060006001e-05
8906	6.000600060006001e-05
8908	6.000600060006001e-05
8909	6.000600060006001e-05
8913	6.000600060006001e-05
8914	6.000600060006001e-05
8916	6.000600060006001e-05
8917	6.000600060006001e-05
8919	6.000600060006001e-05
8924	6.000600060006001e-05
8930	6.000600060006001e-05
8938	6.000600060006001e-05
8944	6.000600060006001e-05
8945	6.000600060006001e-05
8956	6.000600060006001e-05
8973	6.000600060006001e-05
8974	6.000600060006001e-05
8975	6.000600060006001e-05
8977	6.000600060006001e-05
8984	6.000600060006001e-05
8993	6.000600060006001e-05
8994	6.000600060006001e-05
8995	6.000600060006001e-05
8997	6.000600060006001e-05
9004	6.000600060006001e-05
9005	6.000600060006001e-05
9010	6.000600060006001e-05
9011	6.000600060006001e-05
9015	6.000600060006001e-05
9016	6.000600060006001e-05
9017	6.000600060006001e-05
9021	6.000600060006001e-05
9024	6.000600060006001e-05
9030	6.000600060006001e-05
9036	6.000600060006001e-05
9047	6.000600060006001e-05
9062	6.000600060006001e-05
9068	6.000600060006001e-05
9074	6.000600060006001e-05
9089	6.000600060006001e-05
9092	6.000600060006001e-05
9094	6.000600060006001e-05
9097	6.000600060006001e-05
9100	6.000600060006001e-05
9101	6.000600060006001e-05
9110	6.000600060006001e-05
9114	6.000600060006001e-05
9120	6.000600060006001e-05
9128	6.000600060006001e-05
9129	6.000600060006001e-05
9139	6.000600060006001e-05
9145	6.000600060006001e-05
9152	6.000600060006001e-05
9163	6.000600060006001e-05
9174	6.000600060006001e-05
9176	6.000600060006001e-05
9187	6.000600060006001e-05
9190	6.000600060006001e-05
9191	6.000600060006001e-05
9196	6.000600060006001e-05
9197	6.000600060006001e-05
9200	6.000600060006001e-05
9203	6.000600060006001e-05
9205	6.000600060006001e-05
9208	6.000600060006001e-05
9210	6.000600060006001e-05
9213	6.000600060006001e-05
9214	6.000600060006001e-05
9229	6.000600060006001e-05
9253	6.000600060006001e-05
9264	6.000600060006001e-05
9285	6.000600060006001e-05
9286	6.000600060006001e-05
9289	6.000600060006001e-05
9296	6.000600060006001e-05
9299	6.000600060006001e-05
9304	6.000600060006001e-05
9308	6.000600060006001e-05
9310	6.000600060006001e-05
9314	6.000600060006001e-05
9316	6.000600060006001e-05
9319	6.000600060006001e-05
9321	6.000600060006001e-05
9322	6.000600060006001e-05
9324	6.000600060006001e-05
9330	6.000600060006001e-05
9332	6.000600060006001e-05
9335	6.000600060006001e-05
9373	6.000600060006001e-05
9377	6.000600060006001e-05
9386	6.000600060006001e-05
9392	6.000600060006001e-05
9394	6.000600060006001e-05
9396	6.000600060006001e-05
9397	6.000600060006001e-05
9399	6.000600060006001e-05
9408	6.000600060006001e-05
9410	6.000600060006001e-05
9417	6.000600060006001e-05
9432	6.000600060006001e-05
9437	6.000600060006001e-05
9440	6.000600060006001e-05
9449	6.000600060006001e-05
9456	6.000600060006001e-05
9469	6.000600060006001e-05
9479	6.000600060006001e-05
9480	6.000600060006001e-05
9491	6.000600060006001e-05
9492	6.000600060006001e-05
9496	6.000600060006001e-05
9497	6.000600060006001e-05
9506	6.000600060006001e-05
9511	6.000600060006001e-05
9526	6.000600060006001e-05
9527	6.000600060006001e-05
9537	6.000600060006001e-05
9541	6.000600060006001e-05
9546	6.000600060006001e-05
9556	6.000600060006001e-05
9586	6.000600060006001e-05
9591	6.000600060006001e-05
9593	6.000600060006001e-05
9594	6.000600060006001e-05
9611	6.000600060006001e-05
9639	6.000600060006001e-05
9640	6.000600060006001e-05
9646	6.000600060006001e-05
9654	6.000600060006001e-05
9665	6.000600060006001e-05
9677	6.000600060006001e-05
9679	6.000600060006001e-05
9696	6.000600060006001e-05
9697	6.000600060006001e-05
9698	6.000600060006001e-05
9703	6.000600060006001e-05
9705	6.000600060006001e-05
9715	6.000600060006001e-05
9731	6.000600060006001e-05
9756	6.000600060006001e-05
9767	6.000600060006001e-05
9778	6.000600060006001e-05
9780	6.000600060006001e-05
9781	6.000600060006001e-05
9786	6.000600060006001e-05
9788	6.000600060006001e-05
9789	6.000600060006001e-05
9791	6.000600060006001e-05
9794	6.000600060006001e-05
9795	6.000600060006001e-05
9800	6.000600060006001e-05
9809	6.000600060006001e-05
9811	6.000600060006001e-05
9815	6.000600060006001e-05
9817	6.000600060006001e-05
9818	6.000600060006001e-05
9824	6.000600060006001e-05
9826	6.000600060006001e-05
9829	6.000600060006001e-05
9837	6.000600060006001e-05
9841	6.000600060006001e-05
9848	6.000600060006001e-05
9852	6.000600060006001e-05
9856	6.000600060006001e-05
9857	6.000600060006001e-05
9863	6.000600060006001e-05
9864	6.000600060006001e-05
9866	6.000600060006001e-05
9867	6.000600060006001e-05
9870	6.000600060006001e-05
9871	6.000600060006001e-05
9875	6.000600060006001e-05
9881	6.000600060006001e-05
9883	6.000600060006001e-05
9890	6.000600060006001e-05
9891	6.000600060006001e-05
9892	6.000600060006001e-05
9899	6.000600060006001e-05
9908	6.000600060006001e-05
9909	6.000600060006001e-05
9911	6.000600060006001e-05
9916	6.000600060006001e-05
9917	6.000600060006001e-05
9919	6.000600060006001e-05
9921	6.000600060006001e-05
9923	6.000600060006001e-05
9925	6.000600060006001e-05
9926	6.000600060006001e-05
9937	6.000600060006001e-05
9939	6.000600060006001e-05
9940	6.000600060006001e-05
9941	6.000600060006001e-05
9944	6.000600060006001e-05
9952	6.000600060006001e-05
9962	6.000600060006001e-05
9963	6.000600060006001e-05
9964	6.000600060006001e-05
9972	6.000600060006001e-05
9979	6.000600060006001e-05
9980	6.000600060006001e-05
9984	6.000600060006001e-05
9985	6.000600060006001e-05
9992	6.000600060006001e-05
9993	6.000600060006001e-05
