12345	0.3728675873273761
11111	0.02619821283509342
13579	0.022339561332250204
00000	0.017871649065800164
01234	0.010763606823720552
14789	0.006701868399675061
55555	0.006701868399675061
23456	0.006092607636068237
99999	0.005686433793663688
56789	0.005077173030056864
54321	0.00487408610885459
12300	0.004061738424045491
11906	0.0034524776604386675
12312	0.0030463038180341185
12369	0.002843216896831844
09876	0.0026401299756295695
11234	0.0026401299756295695
00001	0.002437043054427295
22222	0.002437043054427295
12356	0.0022339561332250205
33333	0.0022339561332250205
71311	0.0022339561332250205
12358	0.0020308692120227455
41176	0.0020308692120227455
98765	0.0020308692120227455
00123	0.0018277822908204712
21176	0.0018277822908204712
01230	0.0016246953696181965
02468	0.0016246953696181965
11761	0.0016246953696181965
12346	0.0016246953696181965
54119	0.0016246953696181965
88888	0.0016246953696181965
12321	0.001421608448415922
24680	0.001421608448415922
45678	0.001421608448415922
12311	0.0012185215272136475
12354	0.0012185215272136475
15963	0.0012185215272136475
66666	0.0012185215272136475
78952	0.0012185215272136475
10000	0.0010154346060113728
12123	0.0010154346060113728
12323	0.0010154346060113728
20119	0.0010154346060113728
23988	0.0010154346060113728
44444	0.0010154346060113728
74123	0.0010154346060113728
77620	0.0010154346060113728
77640	0.0010154346060113728
00011	0.0008123476848090983
01258	0.0008123476848090983
10119	0.0008123476848090983
12301	0.0008123476848090983
12310	0.0008123476848090983
12313	0.0008123476848090983
12368	0.0008123476848090983
19932	0.0008123476848090983
67890	0.0008123476848090983
70411	0.0008123476848090983
76411	0.0008123476848090983
77777	0.0008123476848090983
78910	0.0008123476848090983
78963	0.0008123476848090983
00912	0.0006092607636068237
01235	0.0006092607636068237
01666	0.0006092607636068237
01689	0.0006092607636068237
10203	0.0006092607636068237
10390	0.0006092607636068237
10761	0.0006092607636068237
11021	0.0006092607636068237
11122	0.0006092607636068237
11223	0.0006092607636068237
11311	0.0006092607636068237
11764	0.0006092607636068237
11988	0.0006092607636068237
12320	0.0006092607636068237
12332	0.0006092607636068237
12333	0.0006092607636068237
12340	0.0006092607636068237
12355	0.0006092607636068237
12379	0.0006092607636068237
12687	0.0006092607636068237
13245	0.0006092607636068237
13456	0.0006092607636068237
14785	0.0006092607636068237
15975	0.0006092607636068237
18289	0.0006092607636068237
19851	0.0006092607636068237
19944	0.0006092607636068237
20000	0.0006092607636068237
20010	0.0006092607636068237
20099	0.0006092607636068237
20350	0.0006092607636068237
21106	0.0006092607636068237
37418	0.0006092607636068237
52119	0.0006092607636068237
70211	0.0006092607636068237
74111	0.0006092607636068237
76214	0.0006092607636068237
00213	0.00040617384240454913
00790	0.00040617384240454913
01111	0.00040617384240454913
01212	0.00040617384240454913
01213	0.00040617384240454913
01233	0.00040617384240454913
01626	0.00040617384240454913
01677	0.00040617384240454913
01679	0.00040617384240454913
01988	0.00040617384240454913
02113	0.00040617384240454913
09123	0.00040617384240454913
09812	0.00040617384240454913
09822	0.00040617384240454913
10110	0.00040617384240454913
10123	0.00040617384240454913
10129	0.00040617384240454913
10233	0.00040617384240454913
10492	0.00040617384240454913
10495	0.00040617384240454913
10891	0.00040617384240454913
10987	0.00040617384240454913
11011	0.00040617384240454913
11121	0.00040617384240454913
11141	0.00040617384240454913
11211	0.00040617384240454913
11221	0.00040617384240454913
11239	0.00040617384240454913
11290	0.00040617384240454913
11331	0.00040617384240454913
11345	0.00040617384240454913
11760	0.00040617384240454913
12011	0.00040617384240454913
12101	0.00040617384240454913
12114	0.00040617384240454913
12233	0.00040617384240454913
12309	0.00040617384240454913
12341	0.00040617384240454913
12342	0.00040617384240454913
12344	0.00040617384240454913
12347	0.00040617384240454913
12350	0.00040617384240454913
12359	0.00040617384240454913
12388	0.00040617384240454913
12390	0.00040617384240454913
12546	0.00040617384240454913
12568	0.00040617384240454913
12583	0.00040617384240454913
12589	0.00040617384240454913
12690	0.00040617384240454913
12710	0.00040617384240454913
12761	0.00040617384240454913
12986	0.00040617384240454913
13061	0.00040617384240454913
13288	0.00040617384240454913
13478	0.00040617384240454913
13890	0.00040617384240454913
14112	0.00040617384240454913
14217	0.00040617384240454913
14562	0.00040617384240454913
14587	0.00040617384240454913
14704	0.00040617384240454913
14710	0.00040617384240454913
15423	0.00040617384240454913
15628	0.00040617384240454913
15987	0.00040617384240454913
16397	0.00040617384240454913
17294	0.00040617384240454913
19876	0.00040617384240454913
19880	0.00040617384240454913
19881	0.00040617384240454913
19887	0.00040617384240454913
19888	0.00040617384240454913
19891	0.00040617384240454913
19899	0.00040617384240454913
19900	0.00040617384240454913
19922	0.00040617384240454913
19923	0.00040617384240454913
19931	0.00040617384240454913
19933	0.00040617384240454913
19937	0.00040617384240454913
19939	0.00040617384240454913
19951	0.00040617384240454913
19981	0.00040617384240454913
19999	0.00040617384240454913
20012	0.00040617384240454913
20091	0.00040617384240454913
20102	0.00040617384240454913
20142	0.00040617384240454913
20153	0.00040617384240454913
20683	0.00040617384240454913
20689	0.00040617384240454913
21089	0.00040617384240454913
21183	0.00040617384240454913
21194	0.00040617384240454913
21221	0.00040617384240454913
21292	0.00040617384240454913
21311	0.00040617384240454913
21392	0.00040617384240454913
21590	0.00040617384240454913
21987	0.00040617384240454913
21988	0.00040617384240454913
21995	0.00040617384240454913
22003	0.00040617384240454913
22895	0.00040617384240454913
23585	0.00040617384240454913
23693	0.00040617384240454913
24887	0.00040617384240454913
25191	0.00040617384240454913
27892	0.00040617384240454913
29492	0.00040617384240454913
30100	0.00040617384240454913
30389	0.00040617384240454913
30782	0.00040617384240454913
31780	0.00040617384240454913
32147	0.00040617384240454913
34567	0.00040617384240454913
36987	0.00040617384240454913
37465	0.00040617384240454913
40300	0.00040617384240454913
45630	0.00040617384240454913
52123	0.00040617384240454913
60119	0.00040617384240454913
61208	0.00040617384240454913
62013	0.00040617384240454913
67519	0.00040617384240454913
67899	0.00040617384240454913
69989	0.00040617384240454913
70000	0.00040617384240454913
70688	0.00040617384240454913
72111	0.00040617384240454913
72216	0.00040617384240454913
72693	0.00040617384240454913
74511	0.00040617384240454913
74520	0.00040617384240454913
76213	0.00040617384240454913
77641	0.00040617384240454913
96321	0.00040617384240454913
98521	0.00040617384240454913
00004	0.00020308692120227456
00013	0.00020308692120227456
00089	0.00020308692120227456
00100	0.00020308692120227456
00111	0.00020308692120227456
00113	0.00020308692120227456
00114	0.00020308692120227456
00118	0.00020308692120227456
00225	0.00020308692120227456
00269	0.00020308692120227456
00295	0.00020308692120227456
00298	0.00020308692120227456
00304	0.00020308692120227456
00455	0.00020308692120227456
00559	0.00020308692120227456
00610	0.00020308692120227456
00654	0.00020308692120227456
00699	0.00020308692120227456
00700	0.00020308692120227456
00711	0.00020308692120227456
00765	0.00020308692120227456
00771	0.00020308692120227456
00772	0.00020308692120227456
00788	0.00020308692120227456
00789	0.00020308692120227456
00811	0.00020308692120227456
00922	0.00020308692120227456
00954	0.00020308692120227456
01043	0.00020308692120227456
01102	0.00020308692120227456
01166	0.00020308692120227456
01205	0.00020308692120227456
01209	0.00020308692120227456
01210	0.00020308692120227456
01211	0.00020308692120227456
01214	0.00020308692120227456
01221	0.00020308692120227456
01222	0.00020308692120227456
01223	0.00020308692120227456
01232	0.00020308692120227456
01243	0.00020308692120227456
01245	0.00020308692120227456
01254	0.00020308692120227456
01256	0.00020308692120227456
01264	0.00020308692120227456
01268	0.00020308692120227456
01285	0.00020308692120227456
01357	0.00020308692120227456
01392	0.00020308692120227456
01414	0.00020308692120227456
01426	0.00020308692120227456
01475	0.00020308692120227456
01478	0.00020308692120227456
01513	0.00020308692120227456
01523	0.00020308692120227456
01557	0.00020308692120227456
01594	0.00020308692120227456
01633	0.00020308692120227456
01634	0.00020308692120227456
01635	0.00020308692120227456
01636	0.00020308692120227456
01639	0.00020308692120227456
01642	0.00020308692120227456
01643	0.00020308692120227456
01644	0.00020308692120227456
01646	0.00020308692120227456
01648	0.00020308692120227456
01649	0.00020308692120227456
01655	0.00020308692120227456
01658	0.00020308692120227456
01659	0.00020308692120227456
01662	0.00020308692120227456
01668	0.00020308692120227456
01678	0.00020308692120227456
01685	0.00020308692120227456
01694	0.00020308692120227456
01698	0.00020308692120227456
01720	0.00020308692120227456
01789	0.00020308692120227456
01868	0.00020308692120227456
01886	0.00020308692120227456
01991	0.00020308692120227456
01992	0.00020308692120227456
01993	0.00020308692120227456
01994	0.00020308692120227456
01996	0.00020308692120227456
01997	0.00020308692120227456
01998	0.00020308692120227456
01999	0.00020308692120227456
02009	0.00020308692120227456
02015	0.00020308692120227456
02024	0.00020308692120227456
02025	0.00020308692120227456
02090	0.00020308692120227456
02130	0.00020308692120227456
02154	0.00020308692120227456
02199	0.00020308692120227456
02246	0.00020308692120227456
02310	0.00020308692120227456
02390	0.00020308692120227456
02424	0.00020308692120227456
02456	0.00020308692120227456
02457	0.00020308692120227456
02462	0.00020308692120227456
02509	0.00020308692120227456
02799	0.00020308692120227456
02840	0.00020308692120227456
02903	0.00020308692120227456
02951	0.00020308692120227456
03084	0.00020308692120227456
03123	0.00020308692120227456
03158	0.00020308692120227456
03400	0.00020308692120227456
03789	0.00020308692120227456
04201	0.00020308692120227456
04315	0.00020308692120227456
04885	0.00020308692120227456
05033	0.00020308692120227456
05602	0.00020308692120227456
05941	0.00020308692120227456
06112	0.00020308692120227456
06224	0.00020308692120227456
06513	0.00020308692120227456
06587	0.00020308692120227456
06666	0.00020308692120227456
06785	0.00020308692120227456
06878	0.00020308692120227456
07002	0.00020308692120227456
07005	0.00020308692120227456
07019	0.00020308692120227456
07078	0.00020308692120227456
07103	0.00020308692120227456
07612	0.00020308692120227456
07702	0.00020308692120227456
07909	0.00020308692120227456
07982	0.00020308692120227456
07985	0.00020308692120227456
08032	0.00020308692120227456
08090	0.00020308692120227456
08097	0.00020308692120227456
08246	0.00020308692120227456
08254	0.00020308692120227456
08312	0.00020308692120227456
08642	0.00020308692120227456
08911	0.00020308692120227456
09012	0.00020308692120227456
09024	0.00020308692120227456
09081	0.00020308692120227456
09085	0.00020308692120227456
09090	0.00020308692120227456
09098	0.00020308692120227456
09166	0.00020308692120227456
09184	0.00020308692120227456
09190	0.00020308692120227456
09191	0.00020308692120227456
09307	0.00020308692120227456
09340	0.00020308692120227456
09581	0.00020308692120227456
09687	0.00020308692120227456
09745	0.00020308692120227456
09833	0.00020308692120227456
10001	0.00020308692120227456
10006	0.00020308692120227456
10007	0.00020308692120227456
10010	0.00020308692120227456
10020	0.00020308692120227456
10032	0.00020308692120227456
10049	0.00020308692120227456
10050	0.00020308692120227456
10052	0.00020308692120227456
10058	0.00020308692120227456
10061	0.00020308692120227456
10069	0.00020308692120227456
10086	0.00020308692120227456
10087	0.00020308692120227456
10088	0.00020308692120227456
10089	0.00020308692120227456
10102	0.00020308692120227456
10111	0.00020308692120227456
10190	0.00020308692120227456
10192	0.00020308692120227456
10214	0.00020308692120227456
10231	0.00020308692120227456
10249	0.00020308692120227456
10269	0.00020308692120227456
10289	0.00020308692120227456
10291	0.00020308692120227456
10319	0.00020308692120227456
10345	0.00020308692120227456
10347	0.00020308692120227456
10355	0.00020308692120227456
10370	0.00020308692120227456
10388	0.00020308692120227456
10391	0.00020308692120227456
10392	0.00020308692120227456
10411	0.00020308692120227456
10488	0.00020308692120227456
10490	0.00020308692120227456
10491	0.00020308692120227456
10493	0.00020308692120227456
10494	0.00020308692120227456
10496	0.00020308692120227456
10497	0.00020308692120227456
10498	0.00020308692120227456
10499	0.00020308692120227456
10511	0.00020308692120227456
10534	0.00020308692120227456
10568	0.00020308692120227456
10588	0.00020308692120227456
10593	0.00020308692120227456
10597	0.00020308692120227456
10606	0.00020308692120227456
10643	0.00020308692120227456
10687	0.00020308692120227456
10688	0.00020308692120227456
10691	0.00020308692120227456
10693	0.00020308692120227456
10713	0.00020308692120227456
10721	0.00020308692120227456
10743	0.00020308692120227456
10764	0.00020308692120227456
10783	0.00020308692120227456
10787	0.00020308692120227456
10789	0.00020308692120227456
10800	0.00020308692120227456
10816	0.00020308692120227456
10821	0.00020308692120227456
10872	0.00020308692120227456
10892	0.00020308692120227456
10895	0.00020308692120227456
10900	0.00020308692120227456
10902	0.00020308692120227456
10989	0.00020308692120227456
10991	0.00020308692120227456
11001	0.00020308692120227456
11002	0.00020308692120227456
11010	0.00020308692120227456
11022	0.00020308692120227456
11031	0.00020308692120227456
11072	0.00020308692120227456
11079	0.00020308692120227456
11080	0.00020308692120227456
11089	0.00020308692120227456
11094	0.00020308692120227456
11102	0.00020308692120227456
11109	0.00020308692120227456
11110	0.00020308692120227456
11112	0.00020308692120227456
11113	0.00020308692120227456
11149	0.00020308692120227456
11181	0.00020308692120227456
11190	0.00020308692120227456
11192	0.00020308692120227456
11207	0.00020308692120227456
11208	0.00020308692120227456
11212	0.00020308692120227456
11231	0.00020308692120227456
11236	0.00020308692120227456
11278	0.00020308692120227456
11283	0.00020308692120227456
11291	0.00020308692120227456
11293	0.00020308692120227456
11299	0.00020308692120227456
11310	0.00020308692120227456
11321	0.00020308692120227456
11322	0.00020308692120227456
11324	0.00020308692120227456
11332	0.00020308692120227456
11341	0.00020308692120227456
11348	0.00020308692120227456
11352	0.00020308692120227456
11354	0.00020308692120227456
11466	0.00020308692120227456
11489	0.00020308692120227456
11493	0.00020308692120227456
11494	0.00020308692120227456
11520	0.00020308692120227456
11523	0.00020308692120227456
11540	0.00020308692120227456
11566	0.00020308692120227456
11603	0.00020308692120227456
11678	0.00020308692120227456
11687	0.00020308692120227456
11708	0.00020308692120227456
11782	0.00020308692120227456
11790	0.00020308692120227456
11793	0.00020308692120227456
11802	0.00020308692120227456
11826	0.00020308692120227456
11889	0.00020308692120227456
11896	0.00020308692120227456
11900	0.00020308692120227456
11901	0.00020308692120227456
11902	0.00020308692120227456
11903	0.00020308692120227456
11911	0.00020308692120227456
11916	0.00020308692120227456
11920	0.00020308692120227456
11922	0.00020308692120227456
11981	0.00020308692120227456
11983	0.00020308692120227456
11987	0.00020308692120227456
11990	0.00020308692120227456
11992	0.00020308692120227456
11994	0.00020308692120227456
12000	0.00020308692120227456
12001	0.00020308692120227456
12002	0.00020308692120227456
12012	0.00020308692120227456
12013	0.00020308692120227456
12022	0.00020308692120227456
12060	0.00020308692120227456
12092	0.00020308692120227456
12103	0.00020308692120227456
12109	0.00020308692120227456
12112	0.00020308692120227456
12116	0.00020308692120227456
12121	0.00020308692120227456
12145	0.00020308692120227456
12151	0.00020308692120227456
12161	0.00020308692120227456
12186	0.00020308692120227456
12193	0.00020308692120227456
12199	0.00020308692120227456
12211	0.00020308692120227456
12212	0.00020308692120227456
12214	0.00020308692120227456
12245	0.00020308692120227456
12288	0.00020308692120227456
12303	0.00020308692120227456
12305	0.00020308692120227456
12314	0.00020308692120227456
12315	0.00020308692120227456
12316	0.00020308692120227456
12317	0.00020308692120227456
12318	0.00020308692120227456
12319	0.00020308692120227456
12324	0.00020308692120227456
12329	0.00020308692120227456
12334	0.00020308692120227456
12343	0.00020308692120227456
12348	0.00020308692120227456
12352	0.00020308692120227456
12353	0.00020308692120227456
12357	0.00020308692120227456
12365	0.00020308692120227456
12376	0.00020308692120227456
12377	0.00020308692120227456
12386	0.00020308692120227456
12389	0.00020308692120227456
12391	0.00020308692120227456
12392	0.00020308692120227456
12393	0.00020308692120227456
12399	0.00020308692120227456
12421	0.00020308692120227456
12433	0.00020308692120227456
12435	0.00020308692120227456
12456	0.00020308692120227456
12467	0.00020308692120227456
12468	0.00020308692120227456
12476	0.00020308692120227456
12480	0.00020308692120227456
12489	0.00020308692120227456
12490	0.00020308692120227456
12491	0.00020308692120227456
12548	0.00020308692120227456
12580	0.00020308692120227456
12598	0.00020308692120227456
12653	0.00020308692120227456
12658	0.00020308692120227456
12693	0.00020308692120227456
12697	0.00020308692120227456
12712	0.00020308692120227456
12764	0.00020308692120227456
12785	0.00020308692120227456
12789	0.00020308692120227456
12791	0.00020308692120227456
12794	0.00020308692120227456
12799	0.00020308692120227456
12821	0.00020308692120227456
12827	0.00020308692120227456
12835	0.00020308692120227456
12890	0.00020308692120227456
12893	0.00020308692120227456
12898	0.00020308692120227456
12906	0.00020308692120227456
12907	0.00020308692120227456
12908	0.00020308692120227456
12942	0.00020308692120227456
12982	0.00020308692120227456
12987	0.00020308692120227456
12988	0.00020308692120227456
12990	0.00020308692120227456
12991	0.00020308692120227456
12992	0.00020308692120227456
12999	0.00020308692120227456
13000	0.00020308692120227456
13011	0.00020308692120227456
13013	0.00020308692120227456
13028	0.00020308692120227456
13085	0.00020308692120227456
13111	0.00020308692120227456
13112	0.00020308692120227456
13119	0.00020308692120227456
13120	0.00020308692120227456
13140	0.00020308692120227456
13189	0.00020308692120227456
13201	0.00020308692120227456
13211	0.00020308692120227456
13213	0.00020308692120227456
13215	0.00020308692120227456
13250	0.00020308692120227456
13254	0.00020308692120227456
13255	0.00020308692120227456
13276	0.00020308692120227456
13285	0.00020308692120227456
13292	0.00020308692120227456
13294	0.00020308692120227456
13296	0.00020308692120227456
13297	0.00020308692120227456
13320	0.00020308692120227456
13345	0.00020308692120227456
13385	0.00020308692120227456
13388	0.00020308692120227456
13390	0.00020308692120227456
13391	0.00020308692120227456
13392	0.00020308692120227456
13396	0.00020308692120227456
13489	0.00020308692120227456
13491	0.00020308692120227456
13576	0.00020308692120227456
13589	0.00020308692120227456
13595	0.00020308692120227456
13596	0.00020308692120227456
13625	0.00020308692120227456
13655	0.00020308692120227456
13687	0.00020308692120227456
13786	0.00020308692120227456
13790	0.00020308692120227456
13791	0.00020308692120227456
13792	0.00020308692120227456
13795	0.00020308692120227456
13887	0.00020308692120227456
13892	0.00020308692120227456
13939	0.00020308692120227456
13986	0.00020308692120227456
13988	0.00020308692120227456
14068	0.00020308692120227456
14114	0.00020308692120227456
14121	0.00020308692120227456
14123	0.00020308692120227456
14129	0.00020308692120227456
14159	0.00020308692120227456
14188	0.00020308692120227456
14234	0.00020308692120227456
14280	0.00020308692120227456
14289	0.00020308692120227456
14293	0.00020308692120227456
14299	0.00020308692120227456
14355	0.00020308692120227456
14390	0.00020308692120227456
14399	0.00020308692120227456
14434	0.00020308692120227456
14472	0.00020308692120227456
14488	0.00020308692120227456
14491	0.00020308692120227456
14510	0.00020308692120227456
14520	0.00020308692120227456
14536	0.00020308692120227456
14555	0.00020308692120227456
14568	0.00020308692120227456
14569	0.00020308692120227456
14588	0.00020308692120227456
14597	0.00020308692120227456
14625	0.00020308692120227456
14714	0.00020308692120227456
14723	0.00020308692120227456
14725	0.00020308692120227456
14747	0.00020308692120227456
14753	0.00020308692120227456
14755	0.00020308692120227456
14760	0.00020308692120227456
14778	0.00020308692120227456
14799	0.00020308692120227456
14843	0.00020308692120227456
14862	0.00020308692120227456
14983	0.00020308692120227456
14988	0.00020308692120227456
14989	0.00020308692120227456
14996	0.00020308692120227456
15018	0.00020308692120227456
15021	0.00020308692120227456
15029	0.00020308692120227456
15051	0.00020308692120227456
15114	0.00020308692120227456
15119	0.00020308692120227456
15122	0.00020308692120227456
15177	0.00020308692120227456
15221	0.00020308692120227456
15238	0.00020308692120227456
15240	0.00020308692120227456
15250	0.00020308692120227456
15263	0.00020308692120227456
15295	0.00020308692120227456
15327	0.00020308692120227456
15389	0.00020308692120227456
15412	0.00020308692120227456
15469	0.00020308692120227456
15478	0.00020308692120227456
15485	0.00020308692120227456
15489	0.00020308692120227456
15535	0.00020308692120227456
15567	0.00020308692120227456
15579	0.00020308692120227456
15584	0.00020308692120227456
15587	0.00020308692120227456
15589	0.00020308692120227456
15687	0.00020308692120227456
15689	0.00020308692120227456
15768	0.00020308692120227456
15780	0.00020308692120227456
15788	0.00020308692120227456
15789	0.00020308692120227456
15790	0.00020308692120227456
15791	0.00020308692120227456
15874	0.00020308692120227456
15890	0.00020308692120227456
15893	0.00020308692120227456
15895	0.00020308692120227456
15896	0.00020308692120227456
15913	0.00020308692120227456
15968	0.00020308692120227456
15969	0.00020308692120227456
15973	0.00020308692120227456
15978	0.00020308692120227456
15982	0.00020308692120227456
15989	0.00020308692120227456
16045	0.00020308692120227456
16066	0.00020308692120227456
16111	0.00020308692120227456
16121	0.00020308692120227456
16123	0.00020308692120227456
16137	0.00020308692120227456
16162	0.00020308692120227456
16178	0.00020308692120227456
16183	0.00020308692120227456
16186	0.00020308692120227456
16187	0.00020308692120227456
16191	0.00020308692120227456
16209	0.00020308692120227456
16211	0.00020308692120227456
16275	0.00020308692120227456
16287	0.00020308692120227456
16288	0.00020308692120227456
16295	0.00020308692120227456
16368	0.00020308692120227456
16387	0.00020308692120227456
16392	0.00020308692120227456
16393	0.00020308692120227456
16399	0.00020308692120227456
16414	0.00020308692120227456
16513	0.00020308692120227456
16554	0.00020308692120227456
16578	0.00020308692120227456
16583	0.00020308692120227456
16590	0.00020308692120227456
16592	0.00020308692120227456
16594	0.00020308692120227456
16668	0.00020308692120227456
16712	0.00020308692120227456
16762	0.00020308692120227456
16789	0.00020308692120227456
16790	0.00020308692120227456
16791	0.00020308692120227456
16886	0.00020308692120227456
16960	0.00020308692120227456
16965	0.00020308692120227456
16982	0.00020308692120227456
16984	0.00020308692120227456
16987	0.00020308692120227456
16989	0.00020308692120227456
16998	0.00020308692120227456
17021	0.00020308692120227456
17158	0.00020308692120227456
17194	0.00020308692120227456
17212	0.00020308692120227456
17284	0.00020308692120227456
17292	0.00020308692120227456
17388	0.00020308692120227456
17393	0.00020308692120227456
17489	0.00020308692120227456
17500	0.00020308692120227456
17535	0.00020308692120227456
17591	0.00020308692120227456
17593	0.00020308692120227456
17611	0.00020308692120227456
17621	0.00020308692120227456
17676	0.00020308692120227456
17697	0.00020308692120227456
17731	0.00020308692120227456
17772	0.00020308692120227456
17782	0.00020308692120227456
17787	0.00020308692120227456
17800	0.00020308692120227456
17889	0.00020308692120227456
17895	0.00020308692120227456
17990	0.00020308692120227456
18121	0.00020308692120227456
18193	0.00020308692120227456
18199	0.00020308692120227456
18245	0.00020308692120227456
18291	0.00020308692120227456
18312	0.00020308692120227456
18387	0.00020308692120227456
18390	0.00020308692120227456
18411	0.00020308692120227456
18452	0.00020308692120227456
18457	0.00020308692120227456
18482	0.00020308692120227456
18490	0.00020308692120227456
18555	0.00020308692120227456
18596	0.00020308692120227456
18610	0.00020308692120227456
18631	0.00020308692120227456
18787	0.00020308692120227456
18788	0.00020308692120227456
18811	0.00020308692120227456
18848	0.00020308692120227456
18852	0.00020308692120227456
18874	0.00020308692120227456
18882	0.00020308692120227456
18889	0.00020308692120227456
18893	0.00020308692120227456
18894	0.00020308692120227456
19000	0.00020308692120227456
19008	0.00020308692120227456
19010	0.00020308692120227456
19051	0.00020308692120227456
19063	0.00020308692120227456
19078	0.00020308692120227456
19189	0.00020308692120227456
19194	0.00020308692120227456
19211	0.00020308692120227456
19234	0.00020308692120227456
19289	0.00020308692120227456
19389	0.00020308692120227456
19433	0.00020308692120227456
19491	0.00020308692120227456
19497	0.00020308692120227456
19523	0.00020308692120227456
19567	0.00020308692120227456
19596	0.00020308692120227456
19612	0.00020308692120227456
19651	0.00020308692120227456
19688	0.00020308692120227456
19694	0.00020308692120227456
19733	0.00020308692120227456
19735	0.00020308692120227456
19768	0.00020308692120227456
19777	0.00020308692120227456
19782	0.00020308692120227456
19790	0.00020308692120227456
19800	0.00020308692120227456
19808	0.00020308692120227456
19812	0.00020308692120227456
19830	0.00020308692120227456
19834	0.00020308692120227456
19841	0.00020308692120227456
19843	0.00020308692120227456
19852	0.00020308692120227456
19855	0.00020308692120227456
19866	0.00020308692120227456
19871	0.00020308692120227456
19884	0.00020308692120227456
19886	0.00020308692120227456
19890	0.00020308692120227456
19894	0.00020308692120227456
19910	0.00020308692120227456
19911	0.00020308692120227456
19921	0.00020308692120227456
19930	0.00020308692120227456
19934	0.00020308692120227456
19935	0.00020308692120227456
19936	0.00020308692120227456
19938	0.00020308692120227456
19941	0.00020308692120227456
19943	0.00020308692120227456
19952	0.00020308692120227456
19962	0.00020308692120227456
19966	0.00020308692120227456
19970	0.00020308692120227456
19980	0.00020308692120227456
19982	0.00020308692120227456
19983	0.00020308692120227456
19984	0.00020308692120227456
19985	0.00020308692120227456
19986	0.00020308692120227456
19987	0.00020308692120227456
19988	0.00020308692120227456
19989	0.00020308692120227456
19990	0.00020308692120227456
19995	0.00020308692120227456
20003	0.00020308692120227456
20020	0.00020308692120227456
20023	0.00020308692120227456
20029	0.00020308692120227456
20033	0.00020308692120227456
20046	0.00020308692120227456
20048	0.00020308692120227456
20051	0.00020308692120227456
20055	0.00020308692120227456
20056	0.00020308692120227456
20057	0.00020308692120227456
20058	0.00020308692120227456
20059	0.00020308692120227456
20063	0.00020308692120227456
20088	0.00020308692120227456
20090	0.00020308692120227456
20100	0.00020308692120227456
20103	0.00020308692120227456
20106	0.00020308692120227456
20121	0.00020308692120227456
20133	0.00020308692120227456
20134	0.00020308692120227456
20135	0.00020308692120227456
20136	0.00020308692120227456
20137	0.00020308692120227456
20138	0.00020308692120227456
20139	0.00020308692120227456
20141	0.00020308692120227456
20143	0.00020308692120227456
20144	0.00020308692120227456
20146	0.00020308692120227456
20147	0.00020308692120227456
20149	0.00020308692120227456
20151	0.00020308692120227456
20152	0.00020308692120227456
20154	0.00020308692120227456
20155	0.00020308692120227456
20156	0.00020308692120227456
20157	0.00020308692120227456
20158	0.00020308692120227456
20197	0.00020308692120227456
20205	0.00020308692120227456
20210	0.00020308692120227456
20343	0.00020308692120227456
20347	0.00020308692120227456
20384	0.00020308692120227456
20390	0.00020308692120227456
20392	0.00020308692120227456
20395	0.00020308692120227456
20398	0.00020308692120227456
20411	0.00020308692120227456
20481	0.00020308692120227456
20492	0.00020308692120227456
20493	0.00020308692120227456
20494	0.00020308692120227456
20496	0.00020308692120227456
20588	0.00020308692120227456
20591	0.00020308692120227456
20677	0.00020308692120227456
20691	0.00020308692120227456
20692	0.00020308692120227456
20693	0.00020308692120227456
20702	0.00020308692120227456
20723	0.00020308692120227456
20781	0.00020308692120227456
20806	0.00020308692120227456
20815	0.00020308692120227456
20889	0.00020308692120227456
20898	0.00020308692120227456
20922	0.00020308692120227456
20926	0.00020308692120227456
20929	0.00020308692120227456
20933	0.00020308692120227456
20980	0.00020308692120227456
20983	0.00020308692120227456
20986	0.00020308692120227456
20987	0.00020308692120227456
20998	0.00020308692120227456
20999	0.00020308692120227456
21021	0.00020308692120227456
21031	0.00020308692120227456
21079	0.00020308692120227456
21087	0.00020308692120227456
21088	0.00020308692120227456
21091	0.00020308692120227456
21093	0.00020308692120227456
21096	0.00020308692120227456
21100	0.00020308692120227456
21111	0.00020308692120227456
21115	0.00020308692120227456
21121	0.00020308692120227456
21123	0.00020308692120227456
21145	0.00020308692120227456
21190	0.00020308692120227456
21191	0.00020308692120227456
21193	0.00020308692120227456
21195	0.00020308692120227456
21197	0.00020308692120227456
21201	0.00020308692120227456
21210	0.00020308692120227456
21228	0.00020308692120227456
21234	0.00020308692120227456
21280	0.00020308692120227456
21289	0.00020308692120227456
21294	0.00020308692120227456
21315	0.00020308692120227456
21321	0.00020308692120227456
21346	0.00020308692120227456
21379	0.00020308692120227456
21390	0.00020308692120227456
21393	0.00020308692120227456
21394	0.00020308692120227456
21399	0.00020308692120227456
21546	0.00020308692120227456
21586	0.00020308692120227456
21587	0.00020308692120227456
21595	0.00020308692120227456
21596	0.00020308692120227456
21598	0.00020308692120227456
21647	0.00020308692120227456
21681	0.00020308692120227456
21685	0.00020308692120227456
21772	0.00020308692120227456
21786	0.00020308692120227456
21791	0.00020308692120227456
21792	0.00020308692120227456
21793	0.00020308692120227456
21892	0.00020308692120227456
21896	0.00020308692120227456
21901	0.00020308692120227456
21967	0.00020308692120227456
21976	0.00020308692120227456
21982	0.00020308692120227456
21990	0.00020308692120227456
21992	0.00020308692120227456
21994	0.00020308692120227456
21998	0.00020308692120227456
22006	0.00020308692120227456
22008	0.00020308692120227456
22016	0.00020308692120227456
22026	0.00020308692120227456
22101	0.00020308692120227456
22105	0.00020308692120227456
22112	0.00020308692120227456
22113	0.00020308692120227456
22118	0.00020308692120227456
22121	0.00020308692120227456
22123	0.00020308692120227456
22125	0.00020308692120227456
22134	0.00020308692120227456
22188	0.00020308692120227456
22190	0.00020308692120227456
22233	0.00020308692120227456
22323	0.00020308692120227456
22341	0.00020308692120227456
22345	0.00020308692120227456
22456	0.00020308692120227456
22503	0.00020308692120227456
22508	0.00020308692120227456
22536	0.00020308692120227456
22559	0.00020308692120227456
22599	0.00020308692120227456
22610	0.00020308692120227456
22687	0.00020308692120227456
22778	0.00020308692120227456
22783	0.00020308692120227456
22792	0.00020308692120227456
22795	0.00020308692120227456
22798	0.00020308692120227456
22806	0.00020308692120227456
22889	0.00020308692120227456
23033	0.00020308692120227456
23090	0.00020308692120227456
23101	0.00020308692120227456
23112	0.00020308692120227456
23116	0.00020308692120227456
23123	0.00020308692120227456
23124	0.00020308692120227456
23191	0.00020308692120227456
23198	0.00020308692120227456
23291	0.00020308692120227456
23305	0.00020308692120227456
23389	0.00020308692120227456
23393	0.00020308692120227456
23451	0.00020308692120227456
23465	0.00020308692120227456
23489	0.00020308692120227456
23495	0.00020308692120227456
23565	0.00020308692120227456
23592	0.00020308692120227456
23612	0.00020308692120227456
23691	0.00020308692120227456
23697	0.00020308692120227456
23777	0.00020308692120227456
23790	0.00020308692120227456
23886	0.00020308692120227456
23890	0.00020308692120227456
23893	0.00020308692120227456
23910	0.00020308692120227456
23990	0.00020308692120227456
23999	0.00020308692120227456
24000	0.00020308692120227456
24041	0.00020308692120227456
24111	0.00020308692120227456
24117	0.00020308692120227456
24154	0.00020308692120227456
24182	0.00020308692120227456
24186	0.00020308692120227456
24190	0.00020308692120227456
24193	0.00020308692120227456
24236	0.00020308692120227456
24292	0.00020308692120227456
24294	0.00020308692120227456
24376	0.00020308692120227456
24383	0.00020308692120227456
24388	0.00020308692120227456
24434	0.00020308692120227456
24456	0.00020308692120227456
24487	0.00020308692120227456
24513	0.00020308692120227456
24567	0.00020308692120227456
24568	0.00020308692120227456
24611	0.00020308692120227456
24612	0.00020308692120227456
24653	0.00020308692120227456
24685	0.00020308692120227456
24689	0.00020308692120227456
24691	0.00020308692120227456
24710	0.00020308692120227456
24745	0.00020308692120227456
24791	0.00020308692120227456
24792	0.00020308692120227456
24864	0.00020308692120227456
24889	0.00020308692120227456
24890	0.00020308692120227456
24892	0.00020308692120227456
24991	0.00020308692120227456
25009	0.00020308692120227456
25099	0.00020308692120227456
25121	0.00020308692120227456
25213	0.00020308692120227456
25218	0.00020308692120227456
25250	0.00020308692120227456
25267	0.00020308692120227456
25294	0.00020308692120227456
25386	0.00020308692120227456
25388	0.00020308692120227456
25391	0.00020308692120227456
25392	0.00020308692120227456
25400	0.00020308692120227456
25433	0.00020308692120227456
25503	0.00020308692120227456
25587	0.00020308692120227456
25590	0.00020308692120227456
25591	0.00020308692120227456
25592	0.00020308692120227456
25788	0.00020308692120227456
25798	0.00020308692120227456
25801	0.00020308692120227456
25834	0.00020308692120227456
25871	0.00020308692120227456
25879	0.00020308692120227456
25888	0.00020308692120227456
25889	0.00020308692120227456
25891	0.00020308692120227456
25897	0.00020308692120227456
25901	0.00020308692120227456
25993	0.00020308692120227456
25996	0.00020308692120227456
26100	0.00020308692120227456
26177	0.00020308692120227456
26187	0.00020308692120227456
26282	0.00020308692120227456
26289	0.00020308692120227456
26483	0.00020308692120227456
26489	0.00020308692120227456
26499	0.00020308692120227456
26590	0.00020308692120227456
26591	0.00020308692120227456
26599	0.00020308692120227456
26669	0.00020308692120227456
26693	0.00020308692120227456
26743	0.00020308692120227456
26776	0.00020308692120227456
26788	0.00020308692120227456
26789	0.00020308692120227456
26790	0.00020308692120227456
26791	0.00020308692120227456
26793	0.00020308692120227456
26795	0.00020308692120227456
26827	0.00020308692120227456
26845	0.00020308692120227456
26887	0.00020308692120227456
26892	0.00020308692120227456
26898	0.00020308692120227456
26933	0.00020308692120227456
26956	0.00020308692120227456
26983	0.00020308692120227456
26996	0.00020308692120227456
27105	0.00020308692120227456
27109	0.00020308692120227456
27151	0.00020308692120227456
27212	0.00020308692120227456
27234	0.00020308692120227456
27235	0.00020308692120227456
27286	0.00020308692120227456
27289	0.00020308692120227456
27293	0.00020308692120227456
27385	0.00020308692120227456
27389	0.00020308692120227456
27483	0.00020308692120227456
27581	0.00020308692120227456
27589	0.00020308692120227456
27597	0.00020308692120227456
27610	0.00020308692120227456
27689	0.00020308692120227456
27698	0.00020308692120227456
27792	0.00020308692120227456
27826	0.00020308692120227456
27847	0.00020308692120227456
27888	0.00020308692120227456
27889	0.00020308692120227456
27894	0.00020308692120227456
27913	0.00020308692120227456
27945	0.00020308692120227456
27989	0.00020308692120227456
27995	0.00020308692120227456
27997	0.00020308692120227456
28162	0.00020308692120227456
28213	0.00020308692120227456
28288	0.00020308692120227456
28298	0.00020308692120227456
28309	0.00020308692120227456
28385	0.00020308692120227456
28404	0.00020308692120227456
28417	0.00020308692120227456
28456	0.00020308692120227456
28487	0.00020308692120227456
28495	0.00020308692120227456
28527	0.00020308692120227456
28585	0.00020308692120227456
28589	0.00020308692120227456
28699	0.00020308692120227456
28788	0.00020308692120227456
28792	0.00020308692120227456
28811	0.00020308692120227456
28865	0.00020308692120227456
28887	0.00020308692120227456
28894	0.00020308692120227456
28916	0.00020308692120227456
28934	0.00020308692120227456
28940	0.00020308692120227456
28983	0.00020308692120227456
28989	0.00020308692120227456
28996	0.00020308692120227456
29011	0.00020308692120227456
29020	0.00020308692120227456
29021	0.00020308692120227456
29051	0.00020308692120227456
29123	0.00020308692120227456
29127	0.00020308692120227456
29137	0.00020308692120227456
29148	0.00020308692120227456
29161	0.00020308692120227456
29190	0.00020308692120227456
29191	0.00020308692120227456
29192	0.00020308692120227456
29205	0.00020308692120227456
29393	0.00020308692120227456
29395	0.00020308692120227456
29396	0.00020308692120227456
29405	0.00020308692120227456
29414	0.00020308692120227456
29483	0.00020308692120227456
29485	0.00020308692120227456
29488	0.00020308692120227456
29562	0.00020308692120227456
29798	0.00020308692120227456
29880	0.00020308692120227456
29961	0.00020308692120227456
29978	0.00020308692120227456
29979	0.00020308692120227456
29984	0.00020308692120227456
29987	0.00020308692120227456
30071	0.00020308692120227456
30111	0.00020308692120227456
30145	0.00020308692120227456
30179	0.00020308692120227456
30287	0.00020308692120227456
30307	0.00020308692120227456
30346	0.00020308692120227456
30384	0.00020308692120227456
30485	0.00020308692120227456
30489	0.00020308692120227456
30494	0.00020308692120227456
30588	0.00020308692120227456
30590	0.00020308692120227456
30597	0.00020308692120227456
30688	0.00020308692120227456
30692	0.00020308692120227456
30772	0.00020308692120227456
30779	0.00020308692120227456
30794	0.00020308692120227456
30798	0.00020308692120227456
30880	0.00020308692120227456
30889	0.00020308692120227456
30890	0.00020308692120227456
30893	0.00020308692120227456
30981	0.00020308692120227456
31001	0.00020308692120227456
31092	0.00020308692120227456
31094	0.00020308692120227456
31101	0.00020308692120227456
31102	0.00020308692120227456
31142	0.00020308692120227456
31188	0.00020308692120227456
31196	0.00020308692120227456
31197	0.00020308692120227456
31206	0.00020308692120227456
31208	0.00020308692120227456
31211	0.00020308692120227456
31234	0.00020308692120227456
31265	0.00020308692120227456
31297	0.00020308692120227456
31379	0.00020308692120227456
31383	0.00020308692120227456
31456	0.00020308692120227456
31508	0.00020308692120227456
31510	0.00020308692120227456
31596	0.00020308692120227456
31643	0.00020308692120227456
31806	0.00020308692120227456
31990	0.00020308692120227456
31991	0.00020308692120227456
31994	0.00020308692120227456
31995	0.00020308692120227456
31996	0.00020308692120227456
31998	0.00020308692120227456
32010	0.00020308692120227456
32023	0.00020308692120227456
32145	0.00020308692120227456
32166	0.00020308692120227456
32195	0.00020308692120227456
32307	0.00020308692120227456
32343	0.00020308692120227456
32489	0.00020308692120227456
32556	0.00020308692120227456
32566	0.00020308692120227456
32600	0.00020308692120227456
32623	0.00020308692120227456
32695	0.00020308692120227456
32710	0.00020308692120227456
32937	0.00020308692120227456
32960	0.00020308692120227456
33110	0.00020308692120227456
33133	0.00020308692120227456
33280	0.00020308692120227456
33289	0.00020308692120227456
33312	0.00020308692120227456
33327	0.00020308692120227456
33344	0.00020308692120227456
33412	0.00020308692120227456
33444	0.00020308692120227456
33621	0.00020308692120227456
33641	0.00020308692120227456
33938	0.00020308692120227456
34234	0.00020308692120227456
34321	0.00020308692120227456
34335	0.00020308692120227456
34523	0.00020308692120227456
34679	0.00020308692120227456
34688	0.00020308692120227456
34690	0.00020308692120227456
35053	0.00020308692120227456
35087	0.00020308692120227456
35128	0.00020308692120227456
35421	0.00020308692120227456
35571	0.00020308692120227456
35689	0.00020308692120227456
35790	0.00020308692120227456
35913	0.00020308692120227456
36015	0.00020308692120227456
36123	0.00020308692120227456
36198	0.00020308692120227456
36495	0.00020308692120227456
36513	0.00020308692120227456
36843	0.00020308692120227456
36879	0.00020308692120227456
36957	0.00020308692120227456
37273	0.00020308692120227456
37534	0.00020308692120227456
37979	0.00020308692120227456
38007	0.00020308692120227456
38128	0.00020308692120227456
38225	0.00020308692120227456
38251	0.00020308692120227456
38298	0.00020308692120227456
38417	0.00020308692120227456
38669	0.00020308692120227456
39000	0.00020308692120227456
39078	0.00020308692120227456
39090	0.00020308692120227456
39096	0.00020308692120227456
39188	0.00020308692120227456
39393	0.00020308692120227456
40000	0.00020308692120227456
40010	0.00020308692120227456
40025	0.00020308692120227456
40030	0.00020308692120227456
40040	0.00020308692120227456
40061	0.00020308692120227456
40070	0.00020308692120227456
40080	0.00020308692120227456
40090	0.00020308692120227456
40100	0.00020308692120227456
40110	0.00020308692120227456
40120	0.00020308692120227456
40129	0.00020308692120227456
40140	0.00020308692120227456
40147	0.00020308692120227456
40150	0.00020308692120227456
40160	0.00020308692120227456
40170	0.00020308692120227456
40180	0.00020308692120227456
40190	0.00020308692120227456
40200	0.00020308692120227456
40202	0.00020308692120227456
40220	0.00020308692120227456
40240	0.00020308692120227456
40270	0.00020308692120227456
40290	0.00020308692120227456
40310	0.00020308692120227456
40320	0.00020308692120227456
40330	0.00020308692120227456
40340	0.00020308692120227456
40350	0.00020308692120227456
40400	0.00020308692120227456
40404	0.00020308692120227456
40410	0.00020308692120227456
40420	0.00020308692120227456
40430	0.00020308692120227456
40500	0.00020308692120227456
40513	0.00020308692120227456
40602	0.00020308692120227456
40703	0.00020308692120227456
40925	0.00020308692120227456
41006	0.00020308692120227456
41073	0.00020308692120227456
41084	0.00020308692120227456
41086	0.00020308692120227456
41091	0.00020308692120227456
41093	0.00020308692120227456
41102	0.00020308692120227456
41186	0.00020308692120227456
41187	0.00020308692120227456
41200	0.00020308692120227456
41202	0.00020308692120227456
41212	0.00020308692120227456
41213	0.00020308692120227456
41290	0.00020308692120227456
41292	0.00020308692120227456
41311	0.00020308692120227456
41505	0.00020308692120227456
41852	0.00020308692120227456
41879	0.00020308692120227456
41989	0.00020308692120227456
41991	0.00020308692120227456
41998	0.00020308692120227456
42000	0.00020308692120227456
42004	0.00020308692120227456
42008	0.00020308692120227456
42211	0.00020308692120227456
42345	0.00020308692120227456
42625	0.00020308692120227456
42818	0.00020308692120227456
42963	0.00020308692120227456
43117	0.00020308692120227456
43122	0.00020308692120227456
43215	0.00020308692120227456
43535	0.00020308692120227456
43997	0.00020308692120227456
44012	0.00020308692120227456
44364	0.00020308692120227456
44486	0.00020308692120227456
44592	0.00020308692120227456
45600	0.00020308692120227456
45612	0.00020308692120227456
45615	0.00020308692120227456
45647	0.00020308692120227456
45673	0.00020308692120227456
45683	0.00020308692120227456
45738	0.00020308692120227456
45770	0.00020308692120227456
45800	0.00020308692120227456
45810	0.00020308692120227456
45820	0.00020308692120227456
45830	0.00020308692120227456
45850	0.00020308692120227456
45900	0.00020308692120227456
45910	0.00020308692120227456
45920	0.00020308692120227456
45930	0.00020308692120227456
45940	0.00020308692120227456
45960	0.00020308692120227456
45970	0.00020308692120227456
45980	0.00020308692120227456
46120	0.00020308692120227456
46264	0.00020308692120227456
46319	0.00020308692120227456
46589	0.00020308692120227456
46666	0.00020308692120227456
46710	0.00020308692120227456
46731	0.00020308692120227456
47050	0.00020308692120227456
47258	0.00020308692120227456
47358	0.00020308692120227456
47375	0.00020308692120227456
47852	0.00020308692120227456
48078	0.00020308692120227456
48085	0.00020308692120227456
48140	0.00020308692120227456
48813	0.00020308692120227456
48846	0.00020308692120227456
48936	0.00020308692120227456
49301	0.00020308692120227456
49402	0.00020308692120227456
49571	0.00020308692120227456
49794	0.00020308692120227456
49891	0.00020308692120227456
49917	0.00020308692120227456
50133	0.00020308692120227456
50223	0.00020308692120227456
50238	0.00020308692120227456
50308	0.00020308692120227456
50404	0.00020308692120227456
50516	0.00020308692120227456
50519	0.00020308692120227456
50548	0.00020308692120227456
51012	0.00020308692120227456
51093	0.00020308692120227456
51184	0.00020308692120227456
51186	0.00020308692120227456
51190	0.00020308692120227456
51200	0.00020308692120227456
51217	0.00020308692120227456
51258	0.00020308692120227456
51282	0.00020308692120227456
51285	0.00020308692120227456
51293	0.00020308692120227456
51297	0.00020308692120227456
51328	0.00020308692120227456
51379	0.00020308692120227456
51420	0.00020308692120227456
51511	0.00020308692120227456
51564	0.00020308692120227456
51820	0.00020308692120227456
51950	0.00020308692120227456
51978	0.00020308692120227456
51990	0.00020308692120227456
51994	0.00020308692120227456
52005	0.00020308692120227456
52492	0.00020308692120227456
52761	0.00020308692120227456
52930	0.00020308692120227456
53166	0.00020308692120227456
53238	0.00020308692120227456
53243	0.00020308692120227456
53254	0.00020308692120227456
53285	0.00020308692120227456
53426	0.00020308692120227456
53454	0.00020308692120227456
53569	0.00020308692120227456
53669	0.00020308692120227456
53939	0.00020308692120227456
53949	0.00020308692120227456
54128	0.00020308692120227456
54264	0.00020308692120227456
54275	0.00020308692120227456
54322	0.00020308692120227456
54487	0.00020308692120227456
54514	0.00020308692120227456
54565	0.00020308692120227456
54611	0.00020308692120227456
54631	0.00020308692120227456
54749	0.00020308692120227456
55090	0.00020308692120227456
55327	0.00020308692120227456
55382	0.00020308692120227456
55456	0.00020308692120227456
55460	0.00020308692120227456
56000	0.00020308692120227456
56135	0.00020308692120227456
56295	0.00020308692120227456
56321	0.00020308692120227456
56326	0.00020308692120227456
56373	0.00020308692120227456
56456	0.00020308692120227456
56462	0.00020308692120227456
56571	0.00020308692120227456
56592	0.00020308692120227456
56649	0.00020308692120227456
56788	0.00020308692120227456
56889	0.00020308692120227456
56912	0.00020308692120227456
57039	0.00020308692120227456
57116	0.00020308692120227456
57270	0.00020308692120227456
57526	0.00020308692120227456
57528	0.00020308692120227456
57603	0.00020308692120227456
57612	0.00020308692120227456
57949	0.00020308692120227456
58664	0.00020308692120227456
58710	0.00020308692120227456
59275	0.00020308692120227456
59866	0.00020308692120227456
60141	0.00020308692120227456
60287	0.00020308692120227456
61020	0.00020308692120227456
61057	0.00020308692120227456
61085	0.00020308692120227456
61092	0.00020308692120227456
61158	0.00020308692120227456
61168	0.00020308692120227456
61189	0.00020308692120227456
61214	0.00020308692120227456
61282	0.00020308692120227456
61290	0.00020308692120227456
61297	0.00020308692120227456
61336	0.00020308692120227456
61364	0.00020308692120227456
61495	0.00020308692120227456
61919	0.00020308692120227456
61997	0.00020308692120227456
62211	0.00020308692120227456
62494	0.00020308692120227456
62505	0.00020308692120227456
62518	0.00020308692120227456
62834	0.00020308692120227456
63123	0.00020308692120227456
64011	0.00020308692120227456
64072	0.00020308692120227456
64481	0.00020308692120227456
64601	0.00020308692120227456
64644	0.00020308692120227456
64645	0.00020308692120227456
65123	0.00020308692120227456
65140	0.00020308692120227456
65231	0.00020308692120227456
65432	0.00020308692120227456
65626	0.00020308692120227456
65912	0.00020308692120227456
66092	0.00020308692120227456
66103	0.00020308692120227456
66144	0.00020308692120227456
66253	0.00020308692120227456
66287	0.00020308692120227456
66341	0.00020308692120227456
66356	0.00020308692120227456
66618	0.00020308692120227456
66901	0.00020308692120227456
67073	0.00020308692120227456
67171	0.00020308692120227456
67400	0.00020308692120227456
67518	0.00020308692120227456
67558	0.00020308692120227456
67734	0.00020308692120227456
67762	0.00020308692120227456
67891	0.00020308692120227456
67980	0.00020308692120227456
68113	0.00020308692120227456
68453	0.00020308692120227456
68616	0.00020308692120227456
69111	0.00020308692120227456
69121	0.00020308692120227456
69369	0.00020308692120227456
69456	0.00020308692120227456
69869	0.00020308692120227456
70037	0.00020308692120227456
70119	0.00020308692120227456
70242	0.00020308692120227456
70309	0.00020308692120227456
70865	0.00020308692120227456
70873	0.00020308692120227456
71029	0.00020308692120227456
71078	0.00020308692120227456
71085	0.00020308692120227456
71089	0.00020308692120227456
71090	0.00020308692120227456
71112	0.00020308692120227456
71122	0.00020308692120227456
71185	0.00020308692120227456
71189	0.00020308692120227456
71212	0.00020308692120227456
71214	0.00020308692120227456
71234	0.00020308692120227456
71246	0.00020308692120227456
71291	0.00020308692120227456
71566	0.00020308692120227456
71929	0.00020308692120227456
71986	0.00020308692120227456
71989	0.00020308692120227456
72011	0.00020308692120227456
72145	0.00020308692120227456
72146	0.00020308692120227456
72197	0.00020308692120227456
72238	0.00020308692120227456
72277	0.00020308692120227456
72318	0.00020308692120227456
72412	0.00020308692120227456
72473	0.00020308692120227456
72878	0.00020308692120227456
72980	0.00020308692120227456
73157	0.00020308692120227456
73274	0.00020308692120227456
73502	0.00020308692120227456
73789	0.00020308692120227456
74119	0.00020308692120227456
74122	0.00020308692120227456
74151	0.00020308692120227456
74159	0.00020308692120227456
74185	0.00020308692120227456
74211	0.00020308692120227456
74488	0.00020308692120227456
75000	0.00020308692120227456
75111	0.00020308692120227456
75144	0.00020308692120227456
75369	0.00020308692120227456
75395	0.00020308692120227456
75476	0.00020308692120227456
75605	0.00020308692120227456
75789	0.00020308692120227456
75838	0.00020308692120227456
76041	0.00020308692120227456
76047	0.00020308692120227456
76107	0.00020308692120227456
76111	0.00020308692120227456
76119	0.00020308692120227456
76134	0.00020308692120227456
76145	0.00020308692120227456
76162	0.00020308692120227456
76211	0.00020308692120227456
76221	0.00020308692120227456
76229	0.00020308692120227456
76421	0.00020308692120227456
76422	0.00020308692120227456
76461	0.00020308692120227456
76543	0.00020308692120227456
76637	0.00020308692120227456
76713	0.00020308692120227456
76746	0.00020308692120227456
76766	0.00020308692120227456
76826	0.00020308692120227456
77043	0.00020308692120227456
77357	0.00020308692120227456
77379	0.00020308692120227456
77601	0.00020308692120227456
77611	0.00020308692120227456
77621	0.00020308692120227456
77644	0.00020308692120227456
77646	0.00020308692120227456
77700	0.00020308692120227456
77991	0.00020308692120227456
78264	0.00020308692120227456
78296	0.00020308692120227456
78321	0.00020308692120227456
78596	0.00020308692120227456
78900	0.00020308692120227456
78936	0.00020308692120227456
78945	0.00020308692120227456
78989	0.00020308692120227456
78998	0.00020308692120227456
79313	0.00020308692120227456
79378	0.00020308692120227456
79544	0.00020308692120227456
79640	0.00020308692120227456
79823	0.00020308692120227456
80212	0.00020308692120227456
80321	0.00020308692120227456
80832	0.00020308692120227456
81032	0.00020308692120227456
81040	0.00020308692120227456
81089	0.00020308692120227456
81096	0.00020308692120227456
81185	0.00020308692120227456
81191	0.00020308692120227456
81256	0.00020308692120227456
81299	0.00020308692120227456
81350	0.00020308692120227456
81828	0.00020308692120227456
81925	0.00020308692120227456
81985	0.00020308692120227456
81991	0.00020308692120227456
81994	0.00020308692120227456
82000	0.00020308692120227456
82244	0.00020308692120227456
82277	0.00020308692120227456
82321	0.00020308692120227456
82428	0.00020308692120227456
82465	0.00020308692120227456
82511	0.00020308692120227456
82879	0.00020308692120227456
82915	0.00020308692120227456
83517	0.00020308692120227456
83536	0.00020308692120227456
83968	0.00020308692120227456
83999	0.00020308692120227456
84031	0.00020308692120227456
84253	0.00020308692120227456
84264	0.00020308692120227456
84488	0.00020308692120227456
84562	0.00020308692120227456
84889	0.00020308692120227456
84951	0.00020308692120227456
85123	0.00020308692120227456
85213	0.00020308692120227456
85321	0.00020308692120227456
85567	0.00020308692120227456
85628	0.00020308692120227456
85963	0.00020308692120227456
86000	0.00020308692120227456
86007	0.00020308692120227456
86104	0.00020308692120227456
86162	0.00020308692120227456
86182	0.00020308692120227456
86400	0.00020308692120227456
86405	0.00020308692120227456
86480	0.00020308692120227456
86642	0.00020308692120227456
86733	0.00020308692120227456
86868	0.00020308692120227456
86882	0.00020308692120227456
86999	0.00020308692120227456
87005	0.00020308692120227456
87192	0.00020308692120227456
87264	0.00020308692120227456
87544	0.00020308692120227456
87654	0.00020308692120227456
87745	0.00020308692120227456
87777	0.00020308692120227456
87780	0.00020308692120227456
87878	0.00020308692120227456
88101	0.00020308692120227456
88219	0.00020308692120227456
88268	0.00020308692120227456
88437	0.00020308692120227456
88558	0.00020308692120227456
88701	0.00020308692120227456
88823	0.00020308692120227456
88910	0.00020308692120227456
89008	0.00020308692120227456
89122	0.00020308692120227456
89123	0.00020308692120227456
89131	0.00020308692120227456
89229	0.00020308692120227456
89284	0.00020308692120227456
89456	0.00020308692120227456
89536	0.00020308692120227456
89595	0.00020308692120227456
89656	0.00020308692120227456
89924	0.00020308692120227456
89953	0.00020308692120227456
90000	0.00020308692120227456
90092	0.00020308692120227456
90102	0.00020308692120227456
90280	0.00020308692120227456
90301	0.00020308692120227456
90379	0.00020308692120227456
90401	0.00020308692120227456
90594	0.00020308692120227456
90654	0.00020308692120227456
91018	0.00020308692120227456
91020	0.00020308692120227456
91087	0.00020308692120227456
91088	0.00020308692120227456
91089	0.00020308692120227456
91090	0.00020308692120227456
91094	0.00020308692120227456
91183	0.00020308692120227456
91186	0.00020308692120227456
91188	0.00020308692120227456
91191	0.00020308692120227456
91204	0.00020308692120227456
91231	0.00020308692120227456
91253	0.00020308692120227456
91291	0.00020308692120227456
91296	0.00020308692120227456
91410	0.00020308692120227456
91421	0.00020308692120227456
91711	0.00020308692120227456
91900	0.00020308692120227456
91945	0.00020308692120227456
91992	0.00020308692120227456
91995	0.00020308692120227456
92005	0.00020308692120227456
92114	0.00020308692120227456
92147	0.00020308692120227456
92152	0.00020308692120227456
92156	0.00020308692120227456
93050	0.00020308692120227456
93122	0.00020308692120227456
93519	0.00020308692120227456
93789	0.00020308692120227456
94102	0.00020308692120227456
94568	0.00020308692120227456
95123	0.00020308692120227456
95158	0.00020308692120227456
95225	0.00020308692120227456
95311	0.00020308692120227456
95487	0.00020308692120227456
95955	0.00020308692120227456
96027	0.00020308692120227456
96109	0.00020308692120227456
96118	0.00020308692120227456
96123	0.00020308692120227456
96178	0.00020308692120227456
96517	0.00020308692120227456
96776	0.00020308692120227456
96869	0.00020308692120227456
96954	0.00020308692120227456
96986	0.00020308692120227456
97155	0.00020308692120227456
97226	0.00020308692120227456
97278	0.00020308692120227456
97386	0.00020308692120227456
97531	0.00020308692120227456
97541	0.00020308692120227456
97768	0.00020308692120227456
97820	0.00020308692120227456
97977	0.00020308692120227456
98208	0.00020308692120227456
98246	0.00020308692120227456
98379	0.00020308692120227456
98751	0.00020308692120227456
98755	0.00020308692120227456
98917	0.00020308692120227456
98936	0.00020308692120227456
99013	0.00020308692120227456
99086	0.00020308692120227456
99087	0.00020308692120227456
99114	0.00020308692120227456
99123	0.00020308692120227456
99401	0.00020308692120227456
99711	0.00020308692120227456
99789	0.00020308692120227456
99889	0.00020308692120227456
99936	0.00020308692120227456
